Time,CPU_use,RAM_filled,Net_bytes_sent,Net_bytes_received,Disk_IO_percentage
11:25:28,5.5,2263621632,2750028778,3040650,2.22431666350721e-05
11:25:29,5.5,2265194496,2750028778,3040720,6.672944053425369e-05
11:25:30,5.4,2262003712,2750028778,3040720,8.896607684567216e-05
11:25:31,6.1,2263150592,2750028778,3040720,0.00011120752185436318
11:25:32,7.3,2273587200,2750028778,3040720,0.00013344887782004586
11:25:33,12.9,2298486784,2750028778,3040720,0.0001556899765514214
11:25:34,6.9,2301583360,2750028778,3040720,0.00017792985838173351
11:25:35,27.2,2593705984,2750028778,3040935,0.0002000706582874852
11:25:36,15.7,2608746496,2750028778,3041150,0.0002223005831777924
11:25:37,15.3,2603749376,2750028778,3041365,0.0002445250426154354
11:25:38,11.3,2602381312,2750028778,3041716,0.00026673241620726174
11:25:39,9.2,2606014464,2750028778,3041852,0.00028895992487041954
11:25:40,8.8,2605232128,2750028778,3041852,0.0003111838071060489
11:25:41,9.6,2607153152,2750028778,3041934,0.00033340736829172565
11:25:42,18.0,2647052288,2750028778,3042149,0.0003556197449195135
11:25:44,14.8,2700087296,2750028778,3042364,0.0003777915671699795
11:25:45,13.0,2713243648,2750028778,3042579,0.0003999669582851683
11:25:46,12.9,2719195136,2750028778,3042864,0.0004221751496930314
11:25:47,15.3,2747265024,2750028778,3043000,0.00044435461075397034
11:25:48,12.5,2755428352,2750028778,3043136,0.00046656083511723424
11:25:49,12.2,2761687040,2750028778,3043136,0.000488769004713566
11:25:50,14.6,2760630272,2750028778,3043218,0.0005109844153641239
11:25:51,14.0,2761433088,2750028778,3043218,0.0005332006552369552
11:25:52,14.7,2770333696,2750028778,3043218,0.0005554169790192902
11:25:53,15.0,2780950528,2750028778,3043218,0.0005776182588686202
11:25:54,32.1,2948759552,2750028778,3043433,0.0005995734035233931
11:25:55,42.0,3129614336,2802349653,3120140,0.0006217578727176143
11:25:56,29.5,3095576576,2812722673,3141221,0.0006439630820406191
11:25:57,14.8,3102187520,2812722673,3141572,0.0006660946024189559
11:25:58,12.9,3102265344,2812722673,3141708,0.0006882972973618064
11:25:59,12.1,3095953408,2812722673,3141708,0.000710492706154038
11:26:00,12.5,3078418432,2812722673,3141708,0.0007326939764284577
11:26:01,16.0,3071959040,2812722673,3141708,0.0007548961537652416
11:26:02,17.2,3075178496,2812722673,3141708,0.000777037045629669
11:26:03,14.9,3073122304,2812722673,3141708,0.0008214198319497128
11:26:04,13.6,3075780608,2812722673,3141708,0.0008435840355939185
11:26:05,19.9,3072716800,2812722673,3141708,0.0008657730445891433
11:26:06,18.5,3083231232,2812722673,3141708,0.0008879717620539809
11:26:07,19.6,3086217216,2812722673,3141708,0.0009098373893125951
11:26:08,17.3,3076296704,2812722673,3141708,0.0009320260632212141
11:26:09,15.4,3068530688,2812722673,3141708,0.0009542163129603158
11:26:10,15.0,3064111104,2812722673,3141708,0.000976406523305409
11:26:11,14.8,3061837824,2812722673,3141708,0.0009985554785496692
11:26:12,9.4,3061293056,2812722673,3141708,0.001020726574255778
11:26:13,9.3,3067162624,2812722673,3141708,0.0010429061000077054
11:26:14,10.7,3055890432,2812722673,3141708,0.001065068885826446
11:26:15,8.7,3055792128,2812722673,3141708,0.001087247447256711
11:26:16,9.6,3053629440,2812722673,3141708,0.0011094270624651258
11:26:17,7.8,3055833088,2812722673,3141708,0.0011314195371861827
11:26:18,6.5,3056529408,2812722673,3141708,0.0011536029543771662
11:26:19,6.7,3057704960,2812722673,3141708,0.001175761803525433
11:26:20,6.9,3057766400,2812722673,3141708,0.001197943065204651
11:26:21,5.8,3057770496,2812722673,3141708,0.001220126384018474
11:26:22,5.1,3058028544,2812722673,3141708,0.0012422992007745737
11:26:23,5.6,3041996800,2812722673,3141708,0.001264482273539128
11:26:24,5.2,3043532800,2812722673,3141708,0.0012866410554848982
11:26:25,4.8,3044777984,2812722673,3141708,0.0013088236509314081
11:26:26,4.6,3044773888,2812722673,3141708,0.001331006216852746
11:26:27,4.7,3044511744,2812722673,3141911,0.00135318875324897
11:26:28,4.6,3043549184,2812722673,3141911,0.001374973824213034
11:26:29,4.9,3043680256,2812722673,3141911,0.0013971297521608247
11:26:30,5.8,3045048320,2812722673,3141911,0.0014193048411212973
11:26:31,5.2,3045195776,2812722673,3141911,0.0014636564944573158
11:26:32,6.1,3046371328,2812722673,3141911,0.0014858317899810029
11:26:33,5.7,3048947712,2812722673,3141911,0.0015078963598439438
11:26:34,6.5,3055112192,2812722673,3141911,0.0015522204374766994
11:26:35,6.3,3054735360,2812722673,3141911,0.0015743932695796452
11:26:36,5.5,3054866432,2812722673,3141911,0.0015965656984844657
11:26:37,6.1,3053477888,2812722673,3141911,0.0016187380683897986
11:26:38,6.0,3053654016,2812722673,3141911,0.0016407302868334664
11:26:39,6.9,3052675072,2812722673,3141911,0.0016629001055442696
11:26:40,6.1,3052662784,2812722673,3141911,0.0016850582833391138
11:26:41,5.5,3052916736,2812722673,3141911,0.0017072278317158919
11:26:42,5.8,3052847104,2812722673,3141911,0.0017293973211081203
11:26:43,6.1,3052834816,2812722673,3141911,0.0017514727752124923
11:26:44,5.8,3053576192,2812722673,3141911,0.0017736271945380264
11:26:45,5.6,3054133248,2812722673,3141911,0.0017957951456664218
11:26:46,5.2,3054125056,2812722673,3141911,0.001817952961686475
11:26:47,5.2,3052777472,2812722673,3141911,0.0018401206720098523
11:26:48,5.3,3053035520,2812722673,3141911,0.001862279240236627
11:26:49,4.7,3052482560,2812722673,3141911,0.0018844467245018146
11:26:50,6.1,3052224512,2812722673,3141911,0.001906614149792808
11:26:51,4.7,3051245568,2812722673,3141911,0.0019287703983404151
11:26:52,4.7,3051241472,2812722673,3142051,0.0019509375779231905
11:26:53,4.7,3051495424,2812722673,3142051,0.00197308020266194
11:26:54,6.9,3051675648,2812722673,3142051,0.0019952261996255957
11:26:55,5.4,3051683840,2812722673,3142051,0.002017392696184927
11:26:56,5.7,3052670976,2812722673,3142051,0.00203955913377485
11:26:57,5.4,3052023808,2812722673,3142051,0.002061725512395598
11:26:58,5.5,3052933120,2812722673,3142051,0.002083651168642912
11:26:59,6.8,3054452736,2812722673,3142051,0.00210581486972404
11:27:00,5.8,3054448640,2812722673,3142051,0.0021279785118503186
11:27:01,6.2,3054440448,2812722673,3142051,0.002150142095021983
11:27:02,13.0,3037237248,2812722673,3142051,0.0021723056192392686
11:27:03,7.6,3036336128,2812722673,3142051,0.002194430656905588
11:27:04,6.6,3034087424,2812722673,3142051,0.002216578444073869
11:27:05,5.8,3034075136,2812722673,3142051,0.002238741251107249
11:27:06,6.2,3036123136,2812722673,3142051,0.0022609034980444016
11:27:07,5.8,3036057600,2812722673,3142051,0.0022830661822650423
11:27:08,5.5,3035095040,2812722673,3142051,0.0023050489604035255
11:27:09,5.7,3037470720,2812722673,3142051,0.002327188650278789
11:27:10,5.1,3037138944,2812722673,3142051,0.0023493492274935255
11:27:11,5.6,3037134848,2812722673,3142051,0.0023715097457691686
11:27:12,4.6,3037134848,2812722673,3142051,0.0023936702051059536
11:27:13,5.3,3037474816,2812722673,3142051,0.0024157599302000524
11:27:14,5.5,3035975680,2812722673,3142051,0.0024379196234522327
11:27:15,4.3,3035869184,2812722673,3142051,0.002460079257769709
11:27:16,4.7,3035869184,2812722673,3142051,0.002482238833152715
11:27:17,5.1,3035611136,2812722673,3142051,0.002504397794556381
11:27:18,5.4,3035611136,2812722673,3142051,0.00252655724716074
11:27:19,6.3,3034546176,2812722673,3142051,0.0025485065280825754
11:27:20,5.0,3034566656,2812722673,3142051,0.002592824358587609
11:27:21,5.2,3034820608,2812722673,3142051,0.0026149817735216362
11:27:22,5.4,3034816512,2812722673,3142051,0.0026371391295324513
11:27:23,5.7,3034812416,2812722673,3142051,0.002659260478497358
11:27:24,6.3,3035824128,2812722673,3142051,0.002681388895183012
11:27:25,6.4,3035164672,2812722673,3142051,0.002703545539313292
11:27:26,6.5,3037351936,2812722673,3142051,0.0027257021245241445
11:27:27,6.7,3040956416,2812722673,3142051,0.0027478263779255143
11:27:28,6.0,3040952320,2812722673,3142051,0.0027699825851194874
11:27:29,6.4,3042172928,2812722673,3142051,0.0027921387333961233
11:27:30,6.0,3034427392,2812722673,3142051,0.0028142948227556567
11:27:31,5.4,3033690112,2812722673,3142051,0.0028364508531983227
11:27:32,6.1,3033165824,2812722673,3142051,0.0028585890879566254
11:27:33,6.8,3034046464,2812722673,3142051,0.002880744863119469
11:27:34,6.3,3034669056,2812722673,3142051,0.002924793748031788
11:27:35,5.4,3034267648,2812722673,3142051,0.0029691035417804663
11:27:36,5.7,3033509888,2812722673,3142266,0.0029911887887142225
11:27:37,5.3,3037896704,2812722673,3142481,0.003013340401389128
11:27:38,4.9,3037491200,2812722673,3142696,0.003035491935534349
11:27:39,5.7,3039506432,2812722673,3142911,0.003057643391150305
11:27:40,4.7,3039723520,2812722673,3142911,0.0030797940858536916
11:27:41,4.8,3039977472,2812722743,3142911,0.0031019240736505343
11:27:42,4.9,3039518720,2812722743,3142911,0.003124074444478356
11:27:43,5.5,3035631616,2812722743,3143126,0.003146065100616756
11:27:44,5.3,3036811264,2812722743,3143341,0.0031903426555404206
11:27:45,5.2,3037843456,2812722743,3143556,0.003212491407277833
11:27:46,5.2,3038355456,2812722743,3143771,0.003234640070687963
11:27:47,6.1,3038351360,2812722743,3143771,0.0032567886457713397
11:27:48,5.2,3038306304,2812722743,3143771,0.003278937132528491
11:27:49,6.1,3036905472,2812722743,3143771,0.003300775466244226
11:27:50,5.9,3037052928,2812722743,3143771,0.0033228974048226654
11:27:51,5.5,3035951104,2812722743,3143771,0.0033450433850465595
11:27:52,6.3,3035951104,2812722743,3143771,0.003367189276964222
11:27:53,6.3,3036016640,2812722743,3143771,0.00338933508057618
11:27:54,6.7,3035705344,2812722743,3143986,0.003411446032779012
11:27:55,6.6,3035705344,2812722743,3144201,0.003433591434186221
11:27:56,6.1,3035963392,2812722743,3144416,0.0034557367472911097
11:27:57,6.0,3035185152,2812722743,3144631,0.0034778819720942063
11:27:58,6.1,3035181056,2812722743,3144631,0.003500027108596039
11:27:59,8.4,3035181056,2812722743,3144631,0.0035221105195085327
11:28:00,5.1,3035156480,2812722743,3144631,0.003544255092000832
11:28:01,5.6,3034378240,2812722743,3144631,0.0035663995761965423
11:28:02,5.4,3034710016,2812722743,3144631,0.0035885439720961913
11:28:03,6.1,3035623424,2812722743,3144631,0.0036106882797003062
11:28:04,5.7,3034918912,2812722743,3144631,0.0036328107715940558
11:28:05,5.0,3035107328,2812722743,3144631,0.0036549547702116095
11:28:06,4.8,3034816512,2812722743,3144631,0.0036770986805362694
11:28:07,5.4,3035971584,2812722743,3144631,0.0036992425025685646
11:28:08,5.1,3035967488,2812722743,3144631,0.003721386236309023
11:28:09,5.1,3036033024,2812722743,3144631,0.003743514955646824
11:28:10,4.9,3036188672,2812722743,3144631,0.0037653072892196208
11:28:11,5.0,3036700672,2812722743,3144631,0.0038095965842093885
11:28:12,5.1,3036696576,2812722743,3144631,0.0038317377633980557
11:28:13,5.7,3036692480,2812722743,3144631,0.0038537610631596557
11:28:14,5.8,3035258880,2812722743,3144631,0.003875901389316853
11:28:15,5.8,3035287552,2812722743,3144631,0.0038980416272086853
11:28:16,5.9,3035541504,2812722743,3144631,0.003920181776835679
11:28:17,5.5,3033894912,2812722743,3144631,0.003942320091918072
11:28:18,5.8,3033403392,2812722743,3144631,0.003964431080054432
11:28:19,6.3,3033399296,2812722743,3144631,0.003986570793330356
11:28:20,5.6,3033657344,2812722743,3144631,0.004008710418344922
11:28:21,6.1,3032563712,2812722743,3144631,0.004030849955098657
11:28:22,6.2,3032465408,2812722743,3144631,0.004052989403592089
11:28:23,6.1,3032858624,2812722743,3144631,0.004075113420760388
11:28:24,6.4,3033694208,2812722743,3144631,0.004097209960583179
11:28:25,7.1,3037057024,2812722743,3144631,0.004119057823101193
11:28:26,12.2,3017539584,2812722743,3144631,0.004163118973303999
11:28:27,10.1,3023454208,2812722743,3144631,0.004185251174859794
11:28:28,7.8,3024932864,2812722743,3144631,0.004207300330383795
11:28:29,8.8,3019513856,2812722743,3144631,0.004229435587356778
11:28:30,7.5,3019739136,2812722743,3144701,0.004251570756102
11:28:31,9.0,3020038144,2812722743,3144701,0.00427370583661999
11:28:32,7.8,3020804096,2812722743,3144701,0.004295840828911274
11:28:33,9.3,3026440192,2812722743,3144701,0.004317924101523032
11:28:34,8.6,3026436096,2812722743,3144701,0.004340058652792651
11:28:35,8.4,3026366464,2812722743,3144701,0.00436177491027364
11:28:36,7.9,3027210240,2812722743,3144701,0.004383907163902112
11:28:37,9.1,3032334336,2812722743,3144701,0.004399188073469536
11:28:38,4.7,3033833472,2812722743,3144701,0.00444339119616091
11:28:39,5.3,3034611712,2812722743,3144701,0.004465487748425916
11:28:40,5.9,3034124288,2812722743,3144701,0.004487584202996203
11:28:41,5.3,3034112000,2812722743,3144701,0.004509679562950153
11:28:42,4.9,3034124288,2812722743,3144701,0.004553801506866182
11:28:43,5.8,3033907200,2812722743,3144701,0.004575776854173308
11:28:44,5.9,3032600576,2812722743,3144701,0.00459787087631219
11:28:45,5.2,3032186880,2812722743,3144701,0.004619963769757806
11:28:46,5.9,3029622784,2812722743,3144701,0.004642057572124312
11:28:47,6.2,3029753856,2812722743,3144701,0.004664150236036948
11:28:48,6.5,3029938176,2812722743,3144701,0.004686210670369067
11:28:49,6.0,3029934080,2812722743,3144701,0.0047083029485691956
11:28:50,6.6,3029925888,2812722743,3144701,0.004730395109567224
11:28:51,6.2,3029925888,2812722743,3144701,0.004752487153364087
11:28:52,6.0,3030183936,2812722743,3144701,0.004774579079960716
11:28:53,5.9,3030237184,2812722743,3144701,0.004796652864684875
11:28:54,7.0,3030233088,2812722743,3144701,0.004818694412325955
11:28:55,6.1,3030228992,2812722743,3144701,0.004840785674987882
11:28:56,6.4,3030220800,2812722743,3144701,0.004862738163653243
11:28:57,5.9,3029983232,2812722743,3144701,0.004884828562410426
11:28:58,5.1,3029954560,2812722743,3144701,0.004906918843982968
11:28:59,4.9,3030183936,2812722743,3144701,0.0049290090083718005
11:29:00,7.7,3030142976,2812722743,3144701,0.004951099055577855
11:29:01,5.2,3030142976,2812722743,3144701,0.004973161505077598
11:29:02,4.9,3029999616,2812722743,3144701,0.0049952511959316555
11:29:03,6.6,3024453632,2812722743,3144701,0.005017289757324525
11:29:04,5.1,3024371712,2812722743,3144701,0.005039378989370225
11:29:05,5.3,3024306176,2812722743,3144701,0.005061468104241488
11:29:06,4.8,3024531456,2812722743,3144701,0.005083153765401403
11:29:07,4.3,3024400384,2812722743,3144701,0.005127340371197342
11:29:08,4.7,3024396288,2812722743,3144701,0.005149379521867957
11:29:09,5.5,3024744448,2812722743,3144701,0.0051714661482235025
11:29:10,5.6,3024744448,2812722743,3144701,0.005193552657430394
11:29:11,5.3,3024736256,2812722743,3144701,0.005215413136962716
11:29:12,4.9,3024736256,2812722743,3144701,0.005237498455821922
11:29:13,5.5,3024736256,2812722743,3144701,0.0052594348847708645
11:29:14,5.5,3024723968,2812722743,3144701,0.005281519345056243
11:29:15,6.4,3024723968,2812722743,3144701,0.005303603688214398
11:29:16,6.6,3024019456,2812722743,3144701,0.005325684383590705
11:29:17,5.5,3024134144,2812722743,3144701,0.005347766114344079
11:29:18,6.2,3023327232,2812722743,3144701,0.005369808549751718
11:29:19,6.2,3023577088,2812722743,3144701,0.005391892229333087
11:29:20,6.9,3023384576,2812722743,3144701,0.00541397579179396
11:29:21,10.0,3022671872,2812722743,3144701,0.0054356292237987755
11:29:22,8.9,3020804096,2812722743,3144701,0.005457705982551692
11:29:23,9.0,3019649024,2812722743,3144701,0.005479690565409055
11:29:24,6.7,3016769536,2812722743,3144701,0.005501771504137929
11:29:25,8.7,3018428416,2812722743,3144701,0.005523852325773831
11:29:26,8.9,3039363072,2812722743,3144775,0.005545933030317694
11:29:27,8.5,3031396352,2812722743,3144775,0.005568013617770448
11:29:28,6.7,3031810048,2812722743,3144775,0.005590043447673658
11:29:29,8.1,3034304512,2812722743,3144775,0.00561212360105667
11:29:30,7.7,3029147648,2812722743,3144775,0.0056342036373534885
11:29:31,6.4,3029663744,2812722743,3144775,0.005656283556565045
11:29:32,7.3,3035160576,2812722743,3144775,0.005678363358692271
11:29:33,6.7,3036553216,2812722743,3144775,0.005700407778007562
11:29:34,8.7,3035004928,2812722743,3144775,0.005722487209467777
11:29:35,7.9,3033231360,2812722743,3144990,0.005744542408531971
11:29:36,5.2,3032858624,2812722743,3145205,0.005766621513210093
11:29:37,23.4,3050373120,2812722743,3145420,0.005787838602365105
11:29:38,4.8,3055996928,2812722743,3145635,0.005831831194995228
11:29:39,7.8,3075477504,2812722743,3145635,0.00585376499806384
11:29:40,12.0,3045527552,2812722743,3145635,0.005875763821685147
11:29:41,21.2,3096391680,2812722743,3145635,0.005897381584663981
11:29:42,19.3,3100315648,2812722743,3145635,0.005941496360336514
11:29:43,25.3,3178332160,2812722743,3145850,0.005962909378574295
11:29:44,28.1,3268046848,2823081423,3158572,0.005983322647251557
11:29:45,14.7,3299557376,2823081423,3158787,0.006005303212616436
11:29:46,32.4,3374809088,2823081423,3159076,0.006027181928168355
11:29:47,28.5,3433119744,2823081423,3159076,0.0060481258645895255
11:29:48,24.0,3450580992,2823081423,3159076,0.006070180558072534
11:29:49,16.5,3450134528,2823081507,3159160,0.00609201996151874
11:29:50,15.6,3429621760,2823081507,3159160,0.006113890074022214
11:29:51,24.3,3445313536,2823081507,3159160,0.006158013296894375
11:29:52,28.9,3493658624,2823081507,3159160,0.006179525818500265
11:29:53,22.8,3533377536,2823081507,3159160,0.006201246560901207
11:29:54,23.8,3548377088,2823081507,3159375,0.006223239518365397
11:29:55,11.2,3546800128,2823081507,3159590,0.006245287070247563
11:29:56,14.9,3548004352,2823081507,3159805,0.0062673344761655925
11:29:57,11.4,3543711744,2823081507,3160020,0.006289322055218041
11:29:58,9.5,3521228800,2823081507,3160020,0.006311366174652273
11:29:59,9.2,3522998272,2823081507,3160020,0.0063334059357916216
11:30:00,8.6,3525963776,2823081507,3160020,0.006377427173753776
11:30:01,11.9,3461685248,2823081507,3160020,0.006399341882854088
11:30:02,11.6,3462336512,2823081507,3160020,0.006421387324181422
11:30:03,10.7,3449364480,2823081507,3160020,0.006442868197230317
11:30:04,8.8,3453108224,2823081507,3160020,0.006464350869962632
11:30:05,6.5,3452493824,2823081507,3160020,0.006486392034887081
11:30:06,6.4,3446194176,2823081507,3160020,0.00650843305392667
11:30:07,7.8,3446398976,2823081507,3160020,0.006527299991179324
11:30:08,8.8,3446460416,2823081507,3160090,0.006549044071097481
11:30:09,7.2,3447156736,2823081507,3160090,0.006571033868387484
11:30:10,9.9,3439497216,2823081507,3160090,0.006593062510611744
11:30:11,8.1,3436322816,2823081507,3160090,0.006614990361959043
11:30:12,5.6,3433717760,2823081507,3160090,0.006635309501917517
11:30:13,6.1,3432148992,2823081507,3160090,0.006657022067146428
11:30:14,7.2,3428847616,2823081507,3160090,0.006679040158004489
11:30:15,6.7,3428122624,2823081507,3160090,0.00670104774408346
11:30:16,4.0,3423674368,2823081507,3160090,0.006723068434885099
11:30:17,6.5,3426344960,2823081507,3160090,0.006741758695712043
11:30:18,22.9,3594985472,2823081507,3160090,0.006752253867149955
11:30:19,38.6,3761836032,2823081507,3160090,0.006762351005976557
11:30:20,65.5,4044316672,2823081507,3160090,0.0067759769906241525
11:30:21,86.8,4245356544,2823081507,3160090,0.0067764228575300815
11:30:22,88.6,4361805824,2823081507,3160090,0.006786073928929513
11:30:23,90.0,4453588992,2823081507,3160090,0.006795742206133158
11:30:24,88.5,4614844416,2823081507,3160090,0.006806258017195696
11:30:25,64.0,4643983360,2823081507,3160090,0.006837504428098106
11:30:26,29.8,4667633664,2823081507,3160090,0.006834027294454155
11:30:27,28.0,4675563520,2823081507,3160090,0.006851356991473746
11:30:28,15.0,4650520576,2823081507,3160090,0.006871243304872947
11:30:29,14.4,4643246080,2823081507,3160090,0.006891147605781283
11:30:30,41.2,4691947520,2823081507,3160090,0.006911174936569929
11:30:31,89.5,4715380736,2823081507,3160090,0.006931878909606783
11:30:32,72.8,4786716672,2823081507,3160090,0.0069511905158909405
11:30:33,53.1,4789915648,2823081507,3160090,0.006971524354111002
11:30:34,63.2,4867403776,2823081507,3160090,0.006982767696722186
11:30:35,85.3,4925202432,2823081507,3160090,0.006996176503168469
11:30:36,74.8,4960378880,2823081507,3160090,0.007016186450081669
11:30:37,25.8,4975546368,2823081507,3160090,0.007013777432771864
11:30:38,14.4,4747952128,2823081507,3160090,0.007054313032875688
11:30:39,10.2,4756504576,2823081507,3160090,0.007075389788184833
11:30:40,13.1,4794798080,2823081507,3160090,0.007096547777561838
11:30:41,25.9,4837224448,2823081507,3160090,0.007117959690778575
11:30:42,22.3,4836052992,2823081507,3160090,0.007139501546316816
11:30:43,19.8,4764479488,2823081507,3160090,0.007160515022199753
11:30:44,21.6,4641447936,2823081507,3160090,0.007203437808343262
11:30:45,21.7,4622561280,2823081507,3160090,0.00724644244965987
11:30:46,9.5,4620955648,2823081507,3160090,0.00726792616735942
11:30:47,13.3,4618645504,2823081507,3160090,0.007289209748304449
11:30:48,10.9,4613259264,2823081507,3160090,0.007310524783541616
11:30:49,17.7,4606074880,2823081507,3160090,0.007331797249929107
11:30:50,11.3,4611600384,2823081507,3160090,0.00735303155140556
11:30:51,15.0,4609859584,2823081507,3160090,0.007374453169203593
11:30:52,21.3,4609347584,2823081507,3160090,0.007417279544544538
11:30:53,10.8,4609036288,2823081507,3160090,0.007438700258543348
11:30:54,16.8,4531613696,2823081507,3160090,0.007459317614725814
11:30:55,24.2,4510416896,2823081507,3160090,0.00748072957593749
11:30:56,13.5,4512968704,2823081507,3160090,0.007501927219233907
11:30:57,12.1,4513927168,2823081507,3160090,0.007523419607626721
11:30:58,40.1,4569260032,2823081507,3160090,0.00754488397585206
11:30:59,34.6,4567408640,2823081507,3160090,0.00756629888561998
11:31:00,18.1,4561960960,2823081507,3160090,0.007584417039513305
11:31:01,45.4,4623245312,2823081507,3160090,0.0076050886445254455
11:31:02,80.5,4702027776,2823081507,3160090,0.007625515664726325
11:31:03,75.7,4728279040,2823081507,3160090,0.007646926538669323
11:31:04,58.0,4728819712,2823081507,3160090,0.0076682194092972415
11:31:05,21.4,4721188864,2823081507,3160090,0.0076895605922297095
11:31:06,14.6,4729659392,2823081507,3160090,0.007710998662637131
11:31:07,18.9,4732678144,2823081507,3160090,0.007732472810342473
11:31:08,15.8,4716224512,2823081507,3160090,0.0077539265560999816
11:31:09,23.0,4730454016,2823081507,3160090,0.00777531619260212
11:31:10,20.5,4724588544,2823081507,3160090,0.00779672180155103
11:31:11,19.4,4695801856,2823081507,3160090,0.00781806606459661
11:31:12,20.3,4680978432,2823081507,3160090,0.00783947511698909
11:31:13,18.9,4679815168,2823081507,3160090,0.00786073448980172
11:31:14,14.3,4680400896,2823081507,3160090,0.007882184174770853
11:31:15,19.8,4688572416,2823081507,3160090,0.007903517646810533
11:31:16,16.9,4680806400,2823081507,3160090,0.00794620697823407
11:31:17,18.2,4680171520,2823081507,3160090,0.00796768136165521
11:31:18,22.4,4665208832,2823081507,3160090,0.007989076284050208
11:31:19,19.2,4664590336,2823081507,3160090,0.008010579132570562
11:31:20,9.4,4666667008,2823081507,3160090,0.008032007441988665
11:31:21,16.0,4658532352,2823081507,3160090,0.008053405707754396
11:31:22,13.1,4650864640,2823081507,3160090,0.008074862372045731
11:31:23,12.7,4636172288,2823081507,3160090,0.008096363957399344
11:31:24,16.0,4635340800,2823081507,3160090,0.00811781468428699
11:31:25,11.8,4638457856,2823081507,3160090,0.008138471134371541
11:31:26,16.8,4635021312,2823081507,3160090,0.008181496598112185
11:31:27,16.4,4639543296,2823081507,3160090,0.008202836114439251
11:31:28,7.6,4641447936,2823081507,3160090,0.008224162244205949
11:31:29,10.9,4632408064,2823081507,3160090,0.008245431845074147
11:31:30,23.6,4635463680,2823081507,3160090,0.008266577757900677
11:31:31,16.2,4630695936,2823081507,3160090,0.0083095147873036
11:31:32,18.0,4629659648,2823081507,3160090,0.00833100974582832
11:31:33,16.4,4625043456,2823081507,3160090,0.008352382272176261
11:31:34,9.8,4625821696,2823081507,3160090,0.008373874780757589
11:31:35,7.8,4625494016,2823081507,3160305,0.008395321932880801
11:31:36,10.8,4624404480,2823081507,3160520,0.008416748748802402
11:31:37,10.4,4611854336,2823081507,3160735,0.008438240448199725
11:31:38,12.1,4615487488,2823081507,3160950,0.008459733792842537
11:31:39,14.0,4615790592,2823081507,3160950,0.00848096773438427
11:31:40,11.3,4616450048,2823081507,3160950,0.008502348450885567
11:31:41,29.5,4592078848,2823081507,3160950,0.008523840358156273
11:31:42,28.6,4586127360,2823081507,3160950,0.008545332098888003
11:31:43,16.7,4584824832,2823081507,3161165,0.008566595025466518
11:31:44,9.0,4584992768,2823081507,3161380,0.008587995284781637
11:31:45,10.7,4580392960,2823081507,3161595,0.00860948572689861
11:31:46,9.2,4580900864,2823081507,3161810,0.008630916556524728
11:31:47,8.7,4581208064,2823081507,3161810,0.008652406517823391
11:31:48,18.6,4537413632,2823081507,3161810,0.008673896312609375
11:31:49,14.1,4532670464,2823081507,3161810,0.008716721561386516
11:31:50,10.7,4533219328,2823081507,3161810,0.008738208597288842
11:31:51,12.0,4533960704,2823081507,3161810,0.008758679391284694
11:31:52,9.0,4533161984,2823081507,3161810,0.008801488506014575
11:31:53,17.5,4534984704,2823081507,3161810,0.008822839059418646
11:31:54,12.1,4533497856,2823081507,3162025,0.008844316308257561
11:31:55,12.4,4573990912,2823081507,3162314,0.00886569796363848
11:31:56,10.1,4576215040,2823081507,3162529,0.008887054095960925
11:31:57,8.6,4578402304,2823081507,3162744,0.008908512960998736
11:31:58,10.0,4576731136,2823081507,3162744,0.008929990755307763
11:31:59,7.4,4569128960,2823081507,3162744,0.008951470281683511
11:32:00,7.3,4566212608,2823081507,3162744,0.008972866600101768
11:32:01,7.7,4566159360,2823081507,3162744,0.008994107514765103
11:32:02,11.2,4554055680,2823081507,3162744,0.009015583780835676
11:32:03,9.2,4548542464,2823081507,3162744,0.009037059852823949
11:32:04,9.1,4539252736,2823081507,3162744,0.00905853573073255
11:32:05,15.1,4530814976,2823081507,3162744,0.009101516279261415
11:32:06,13.4,4523925504,2823081507,3162744,0.0091431330042415
11:32:07,14.2,4526186496,2823081507,3162744,0.009186058725268701
11:32:08,13.7,4531212288,2823081507,3162744,0.009206036363628543
11:32:09,14.1,4542472192,2823081507,3162744,0.00922739495261496
11:32:10,13.4,4544843776,2823081507,3162744,0.0092487051006286
11:32:11,12.2,4554072064,2823081507,3162744,0.009291342630196283
11:32:12,28.4,4601012224,2823081507,3162744,0.009309734768236518
11:32:13,14.5,4602204160,2823081507,3162744,0.009352456347409999
11:32:14,20.2,4638986240,2843887615,3212906,0.00937369626880665
11:32:15,18.4,4645015552,2843887615,3212906,0.009395086498755473
11:32:16,13.5,4653654016,2843887615,3212980,0.009416182698882194
11:32:17,16.1,4665667584,2843887615,3213054,0.009437628081135654
11:32:18,14.3,4621778944,2843887615,3213054,0.009458975616588164
11:32:19,20.3,4624920576,2843887615,3213054,0.009480163510248734
11:32:20,18.6,4633235456,2843887615,3213054,0.0095011845849084
11:32:21,18.8,4635291648,2843887615,3213054,0.009522262910968669
11:32:22,10.2,4631126016,2843887615,3213054,0.00954364503401052
11:32:23,12.9,4627685376,2843887615,3213054,0.009565096554276066
11:32:24,12.4,4632453120,2843887615,3213054,0.009586294436155548
11:32:25,18.1,4616720384,2843887615,3213054,0.0096076417505983
11:32:26,17.8,4593270784,2843887615,3213054,0.00962894495241786
11:32:27,10.7,4597284864,2843887615,3213054,0.009650392501236659
11:32:28,5.8,4595810304,2843887615,3213054,0.00967184192599472
11:32:29,18.4,3655360512,2843887615,3213054,0.009691616418715649
11:32:30,10.1,3372081152,2843887615,3213054,0.009713042972801438
11:32:31,11.3,3373154304,2843887615,3213054,0.009734385578153202
11:32:32,14.4,3345686528,2843887615,3213054,0.009755295712773152
11:32:33,13.9,3348779008,2843887615,3213054,0.009776734830563277
11:32:34,10.7,3355152384,2843887615,3213054,0.009798070575115586
11:32:35,22.2,3232817152,2843887615,3213054,0.00981929172825658
11:32:36,11.1,3227537408,2843887615,3213054,0.009840733740577846
11:32:37,9.9,3226128384,2843887615,3213054,0.009860618333811147
11:32:38,16.6,3231522816,2843887615,3213054,0.00990353718472084
11:32:39,12.0,3232833536,2843887615,3213054,0.009946455629946307
11:32:40,8.6,3235512320,2843887615,3213054,0.009967811915982085
11:32:41,7.6,3233615872,2843887615,3213054,0.009989247058891768
11:32:42,9.0,3240341504,2843887615,3213054,0.010009052178198502
11:32:43,10.8,3233845248,2843887615,3213054,0.01003048558826489
11:32:44,10.3,3222876160,2843887615,3213054,0.0100519188049815
11:32:45,8.3,3219791872,2843887615,3213054,0.010073351828350945
11:32:46,12.8,3220254720,2843887615,3213054,0.010094782490191684
11:32:47,25.4,3246882816,2843887615,3213054,0.01011533087923809
11:32:48,25.0,3255496704,2843887615,3213054,0.010136702670215802
11:32:49,10.1,3261026304,2843887615,3213054,0.01015786677925506
11:32:50,11.8,3253096448,2843887615,3213054,0.010179296277759924
11:32:51,17.4,3263352832,2843887615,3213054,0.01020071682047737
11:32:52,18.4,3263160320,2843887615,3213054,0.01024307768193354
11:32:53,17.6,3264696320,2843887615,3213054,0.010264229835431972
11:32:55,25.9,3269861376,2843887615,3213054,0.010285570600618271
11:32:56,12.5,3266859008,2843887615,3213054,0.010306986064418018
11:32:57,7.7,3274133504,2843887615,3213054,0.01032840794248129
11:32:58,7.3,3270303744,2843887615,3213054,0.010349534040143524
11:32:59,7.1,3260444672,2843887615,3213054,0.010370954884735854
11:33:00,7.8,3254116352,2843887615,3213054,0.01039237328631858
11:33:01,11.2,3255148544,2843887615,3213054,0.010413793703176175
11:33:02,9.2,3257208832,2843887615,3213054,0.010435213908465352
11:33:03,14.6,3247505408,2843887615,3213054,0.010453884256611303
11:33:04,16.3,3239821312,2843887615,3213054,0.010496759688922408
11:33:05,16.4,3238567936,2843887615,3213054,0.010518171267812067
11:33:06,11.4,3238641664,2843887615,3213054,0.010539584888467688
11:33:07,9.7,3232677888,2843887615,3213054,0.010560993763754647
11:33:08,18.3,3225268224,2843887615,3213054,0.01058240013772146
11:33:09,22.4,3228143616,2843887615,3213054,0.010603405689414012
11:33:10,22.1,3243192320,2843887615,3213054,0.01062462377831583
11:33:11,24.3,3253469184,2843887615,3213054,0.010646028253399942
11:33:12,11.8,3249496064,2843887615,3213054,0.010667437068828686
11:33:13,11.4,3266019328,2843887615,3213054,0.01068872866050591
11:33:14,11.5,3247603712,2843887615,3213054,0.010709854063751103
11:33:15,14.6,3285020672,2843887615,3213054,0.010726329083347223
11:33:16,19.0,3192840192,2843887615,3213054,0.010746587529453908
11:33:17,29.6,3213897728,2843887615,3213054,0.010765984806664788
11:33:18,26.6,3256885248,2843887615,3213054,0.010782900763227864
11:33:19,26.6,3281911808,2843887615,3213054,0.01079954564768668
11:33:20,10.4,3294744576,2843887615,3213054,0.01082019197805965
11:33:21,14.1,3287142400,2843887615,3213054,0.010841499632224623
11:33:22,13.7,3279093760,2843887615,3213054,0.010862190087469553
11:33:23,15.6,3280662528,2843887615,3213054,0.01090481000671642
11:33:24,13.0,3262885888,2843887615,3213054,0.010947599347857292
11:33:25,9.7,3253596160,2843887615,3213054,0.01096888692362998
11:33:26,6.4,3253518336,2843887615,3213054,0.010989905568218822
11:33:27,12.9,3248562176,2843887615,3213054,0.011011271771897863
11:33:28,10.0,3250286592,2843887615,3213054,0.011032415593451843
11:33:29,15.2,3266539520,2843887615,3213054,0.011053780928628992
11:33:30,9.4,3262603264,2843887615,3213054,0.011075146044116356
11:33:31,12.2,3264598016,2843887615,3213054,0.011096382579279154
11:33:32,14.2,3264991232,2843887615,3213054,0.011117747008919047
11:33:33,12.5,3257597952,2843887615,3213054,0.011139111218884393
11:33:34,9.7,3234717696,2843887615,3213054,0.011157745681352773
11:33:35,14.4,3212816384,2843887615,3213054,0.01120038582438052
11:33:36,7.8,3227336704,2843887615,3213343,0.011221743799022852
11:33:37,6.9,3220779008,2843887615,3213558,0.011243101554117866
11:33:38,8.4,3199254528,2843887615,3213773,0.011264316764579849
11:33:39,6.9,3177684992,2843887615,3213988,0.011285540887921516
11:33:40,7.5,3168768000,2843887615,3213988,0.011306524592761684
11:33:41,7.5,3165597696,2843887615,3213988,0.011327880247388913
11:33:42,6.6,3162836992,2843887615,3213988,0.01134904369317582
11:33:43,7.0,3160592384,2843887615,3214203,0.011369777717633818
11:33:44,6.9,3155136512,2843887615,3214418,0.011391087287846352
11:33:45,7.2,3154931712,2843887615,3214633,0.011412440459392482
11:33:46,7.4,3154104320,2843887615,3214848,0.011455202556886857
11:33:47,8.3,3152584704,2843887615,3214848,0.01147655517493075
11:33:48,7.6,3152932864,2843887615,3214848,0.011497735245911292
11:33:49,8.1,3152343040,2843887615,3214848,0.011516377230281307
11:33:50,8.9,3152277504,2843887615,3214848,0.011559127183149876
11:33:51,8.9,3155308544,2843887615,3214848,0.011601404840225966
11:33:52,7.2,3155079168,2843887615,3214848,0.011622749938354476
11:33:53,7.8,3158413312,2843887615,3214848,0.011643730942487246
11:33:54,7.3,3158544384,2843887615,3215063,0.011664922635878691
11:33:55,9.0,3137277952,2854242863,3224949,0.011686266133093728
11:33:56,7.5,3139461120,2854242863,3225164,0.011707604399405245
11:33:57,8.2,3140689920,2854242863,3225379,0.011750124296624503
11:33:58,6.9,3141189632,2854242863,3225379,0.011771466607024569
11:33:59,8.0,3143974912,2854242863,3225379,0.011791284421830098
11:34:00,7.0,3143393280,2854242947,3225463,0.011812618487304324
11:34:01,7.8,3148967936,2854242947,3225463,0.01183395231537804
11:34:02,7.4,3095293952,2854242947,3225463,0.011855285906055205
11:34:03,6.7,3084087296,2854242947,3225463,0.01187649980933403
11:34:04,6.6,3085946880,2854242947,3225463,0.011896323116117742
11:34:05,6.7,3083575296,2854242947,3225463,0.011917653082467805
11:34:06,6.7,3084046336,2854242947,3225463,0.011938982811502076
11:34:07,6.7,3084820480,2854242947,3225463,0.011960312303224514
11:34:08,6.7,3083997184,2854242947,3225463,0.011981539015849222
11:34:09,6.3,3090210816,2854242947,3225463,0.012024260764708751
11:34:10,6.9,3085512704,2854242947,3225463,0.012044702748288817
11:34:11,7.3,3047821312,2854242947,3225463,0.012065871959277254
11:34:12,6.0,3047440384,2854242947,3225463,0.012087187773499364
11:34:13,6.1,3047649280,2854242947,3225463,0.01210851108527772
11:34:14,5.6,3048153088,2854242947,3225463,0.012129834150724422
11:34:15,6.3,3046846464,2854242947,3225463,0.012151063389188293
11:34:16,6.1,3046551552,2854242947,3225463,0.012172385798312766
11:34:17,7.5,3047522304,2854242947,3225463,0.012193587969677755
11:34:18,6.4,3048370176,2854242947,3225463,0.01221490967705362
11:34:19,5.7,3045871616,2854242947,3225463,0.01223519466579737
11:34:20,6.9,3042476032,2854242947,3225463,0.012256511458875661
11:34:21,6.0,3042680832,2854242947,3225463,0.012277649416212743
11:34:22,6.1,3042394112,2854242947,3225463,0.012298968020330302
11:34:23,6.1,3042131968,2854242947,3225463,0.012320180969769355
11:34:24,6.5,3042623488,2854242947,3225463,0.012341498899638804
11:34:25,6.3,3038662656,2854242947,3225463,0.01236119056657239
11:34:26,5.8,3039162368,2854242947,3225463,0.012403885923599763
11:34:27,5.7,3039084544,2854242947,3225463,0.012425200187939174
11:34:28,6.9,3039551488,2854242947,3225463,0.012446514206134804
11:34:29,5.9,3039576064,2854242947,3225463,0.012467825311866717
11:34:30,11.3,3041251328,2854242947,3225463,0.012489037341152382
11:34:31,6.2,3041333248,2854242947,3225463,0.01251035044378597
11:34:32,6.4,3040227328,2854242947,3225463,0.012531663300296932
11:34:33,6.3,3040440320,2854242947,3225463,0.012552975910689533
11:34:34,7.7,3042549760,2854242947,3225463,0.012574288274968036
11:34:35,6.9,3042807808,2854242947,3225463,0.012595516894137996
11:34:36,14.5,3114561536,2854242947,3225463,0.012616828625402936
11:34:37,19.3,3065548800,2854242947,3225463,0.012638137407988586
11:34:38,20.4,3167825920,2854242947,3225463,0.012659445935398335
11:34:39,20.1,3065638912,2854242947,3225463,0.012680751495975839
11:34:40,20.0,3120738304,2854242947,3225463,0.012701823203451132
11:34:41,19.8,3111796736,2854242947,3225463,0.012723127845196101
11:34:42,20.7,3070300160,2854242947,3225463,0.012744437673070961
11:34:43,19.9,3163131904,2854242947,3225463,0.012787127681822049
11:34:44,20.3,3072090112,2854242947,3225463,0.012808176705796821
11:34:45,20.1,3100045312,2854242947,3225463,0.012829485236149128
11:34:46,13.1,3083042816,2854242947,3225463,0.012850793520463125
11:34:47,20.3,3098148864,2854242947,3225463,0.012872098806401496
11:34:48,20.9,3103797248,2854242947,3225463,0.0128934065941115
11:34:49,20.7,3120533504,2854242947,3225463,0.01291446561266952
11:34:50,21.6,3079348224,2854242947,3225463,0.012957151171467583
11:34:51,20.3,3122900992,2854242947,3225463,0.012978457684561899
11:34:52,20.0,3108302848,2854242947,3225463,0.01302087230864556
11:34:53,21.7,3109052416,2854242947,3225463,0.01304217776146199
11:34:54,9.9,3079561216,2854242947,3225463,0.013063482968297
11:34:55,20.9,3140476928,2947472913,3323442,0.013084544544535984
11:34:56,16.5,3144286208,3019973113,3398907,0.01310423790626344
11:34:57,20.7,3193561088,3113178501,3487895,0.013146910850049329
11:34:58,19.2,3181522944,3185671725,3553987,0.013168211936385565
11:34:59,18.3,3197718528,3258192543,3638515,0.013189512776832802
11:35:00,23.4,3178610688,3351431619,3752167,0.013210511206168838
11:35:01,22.0,3206565888,3444631821,3838297,0.013252974704987713
11:35:02,20.2,3183218688,3527482017,3915303,0.01327427385874377
11:35:03,21.6,3217195008,3620701545,4018649,0.013295567082655464
11:35:04,19.9,3215187968,3713932669,4124855,0.013316862889109436
11:35:05,18.9,3240095744,3817525085,4255091,0.01333780491793082
11:35:06,19.1,3231514624,3890031093,4335769,0.013359096796809208
11:35:07,13.5,3289104384,3941842049,4411985,0.013380388411728658
11:35:08,20.1,3221057536,4035085693,4525805,0.013401679762694083
11:35:09,24.2,3142897664,4128313533,4631215,0.01342297084971039
11:35:10,17.7,3153358848,4211206791,4749151,0.013443954206771434
11:35:11,22.6,3089244160,4283711101,4819257,0.013461849119595068
11:35:12,22.4,3136712704,4366576561,4912495,0.013504184053481699
11:35:13,19.6,3185627136,4459890899,5057284,0.01352519018596816
11:35:14,13.5,3207811072,4490958755,5084272,0.013546467267226716
11:35:15,10.0,3172470784,4490958755,5084272,0.013567746965578734
11:35:16,6.6,3170627584,4490958755,5084272,0.013588765082514357
11:35:17,6.6,3167510528,4490958755,5084272,0.013610040919859293
11:35:18,6.1,3175432192,4490958755,5084272,0.013631319387795654
11:35:19,7.2,3185881088,4490958755,5084272,0.01365259758295609
11:35:20,7.3,3191959552,4490958755,5084272,0.013673875505345844
11:35:21,7.8,3151425536,4490958755,5084272,0.013695153154970165
11:35:22,7.5,3167059968,4490958755,5084272,0.013716260562802526
11:35:23,13.1,3128451072,4490958755,5084272,0.013737534469354083
11:35:24,7.1,3138060288,4490958755,5084272,0.013758811033626406
11:35:25,14.0,3157848064,4490958755,5084272,0.013779860637539674
11:35:26,12.3,3176574976,4490958755,5084272,0.013801136307798667
11:35:27,13.7,3191472128,4490958755,5084272,0.013822237480567151
11:35:28,12.7,3223089152,4490958755,5084272,0.013843512338350824
11:35:29,21.3,3198623744,4490958755,5084272,0.01386478692343369
11:35:30,7.8,3208261632,4490958755,5084272,0.013885838751658825
11:35:31,5.2,3222343680,4490958755,5084272,0.013907112451928601
11:35:32,6.7,3227144192,4490958755,5084272,0.013928385879522026
11:35:33,9.4,3240923136,4490958755,5084272,0.013949659034444336
11:35:34,6.7,3247423488,4490958755,5084272,0.013970928932191647
11:35:35,6.4,3249364992,4490958755,5084272,0.01399201024172426
11:35:36,5.3,3253882880,4490958755,5084487,0.01401328228454098
11:35:37,7.6,3257069568,4490958755,5084702,0.014034554054715109
11:35:38,5.1,3268894720,4490958755,5084917,0.014055792524539961
11:35:39,8.4,3294781440,4490958755,5085132,0.014076705871396153
11:35:40,7.3,3300577280,4490958755,5085132,0.014097976235511392
11:35:41,7.5,3239849984,4490958755,5085132,0.01411914077018311
11:35:42,5.3,3240185856,4490958755,5085132,0.014137934127478036
11:35:43,7.9,3246112768,4490958755,5085347,0.014180147238619203
11:35:44,8.5,3268902912,4490958755,5085562,0.0142012238678795
11:35:45,8.3,3281305600,4490958755,5085777,0.014222487974416607
11:35:46,5.1,3290812416,4490958755,5085992,0.014243748766751886
11:35:47,5.3,3166986240,4490958755,5085992,0.014264911797786762
11:35:48,4.8,3167760384,4490958755,5085992,0.014286174933251104
11:35:49,4.1,3160252416,4490958755,5085992,0.014307239206789576
11:35:50,5.3,3160064000,4490958755,5085992,0.01432850150353173
11:35:51,3.8,3160436736,4490958755,5085992,0.014349763527855199
11:35:52,4.7,3161899008,4490958755,5085992,0.014371022211023406
11:35:53,6.5,3184873472,4490958755,5085992,0.014390753364479137
11:35:54,6.1,3184824320,4490958755,5086207,0.01441163383945568
11:35:55,6.5,3196354560,4490958755,5086422,0.014430824582866982
11:35:56,9.1,3225124864,4490958755,5086637,0.014451844937040548
11:35:57,6.7,3235610624,4490958755,5086852,0.014473099140942584
11:35:58,6.8,3250671616,4490958755,5086852,0.014494353072621405
11:35:59,8.0,3260669952,4490958755,5086852,0.014515309275346666
11:36:00,19.8,3494240256,4490958755,5086926,0.014530889128249073
11:36:01,11.1,3498582016,4490958755,5086926,0.01455213355188561
11:36:02,13.2,3359141888,4490958755,5086926,0.014573349717505324
11:36:03,5.7,3365371904,4490958755,5086926,0.014594590442506276
11:36:04,15.9,3362914304,4490958755,5086926,0.014615584523098812
11:36:05,6.4,3370500096,4490958755,5086926,0.014636824329730526
11:36:06,11.2,3363360768,4490958755,5086926,0.014658063855390839
11:36:07,5.1,3362852864,4490958755,5086926,0.014679287440077357
11:36:08,6.1,3392933888,4490958755,5086926,0.014700526381257404
11:36:09,9.1,3397083136,4490958755,5086926,0.014721589146476397
11:36:10,23.2,2925056000,4490958755,5086980,0.014742528460973903
11:36:11,8.6,2931974144,4490958755,5087034,0.014763762728411624
11:36:12,8.0,2937008128,4490958755,5087034,0.01478314533709091
11:36:13,5.6,2929233920,4490958755,5087034,0.014825702007656033
11:36:14,7.8,2938896384,4490958755,5087034,0.014845902570884785
11:36:15,8.2,2948886528,4490958755,5087034,0.014867131412056998
11:36:16,4.4,2954539008,4490958755,5087034,0.014887486699507652
11:36:17,6.6,2950762496,4490958755,5087034,0.014929112574626235
11:36:18,13.6,3006828544,4549405317,5151563,0.014950337846177764
11:36:19,33.7,2891251712,4793633303,5367381,0.014970927450555019
11:36:20,18.0,2855112704,4995223796,5528415,0.014991924247064994
11:36:21,22.3,2867572736,5143479961,5636485,0.01501314423169248
11:36:22,25.1,2849542144,5247299424,5734851,0.015034360711526178
11:36:23,16.8,2855747584,5247299424,5734851,0.015055326458813953
11:36:24,28.3,2871287808,5499392410,5948191,0.015076545187279425
11:36:25,27.3,2794606592,5694128993,6132285,0.015097531814769704
11:36:26,19.5,2871209984,5751495300,6182943,0.015118523950146187
11:36:27,32.1,2875760640,6003591722,6396469,0.015139741143477993
11:36:28,25.7,2437730304,6255692302,6615123,0.015181190547555373
11:36:29,19.6,2427301888,6255692302,6615177,0.015201877143993705
11:36:30,18.7,2421440512,6255692302,6615177,0.015223091041173609
11:36:31,13.4,2415706112,6255692302,6615177,0.015244226635597583
11:36:32,8.8,2413985792,6255692302,6615177,0.015265293369463327
11:36:33,10.9,2410446848,6255692302,6615177,0.015286493024258354
11:36:34,12.5,2417041408,6255692302,6615177,0.015307705398945614
11:36:35,13.4,2424856576,6255692302,6615177,0.01532891747515247
11:36:36,7.0,2429636608,6255692302,6615177,0.015350129252885225
11:36:37,9.9,2433097728,6255692302,6615177,0.015371340732150176
11:36:38,11.5,2430955520,6255692302,6615177,0.01538982867678221
11:36:39,5.3,2435235840,6255692302,6615177,0.015431894005481839
11:36:40,7.3,2438488064,6255692302,6615177,0.015453100081043518
11:36:41,21.3,2435211264,6255692302,6615177,0.01547430585828765
11:36:42,20.2,2437820416,6255692302,6615177,0.015495369319712259
11:36:43,14.5,2437812224,6255692302,6615177,0.015516570999795228
11:36:44,19.8,2438926336,6255692302,6615177,0.01553761010136479
11:36:45,20.8,2435280896,6255692302,6615177,0.015580121065639786
11:36:46,12.2,2432073728,6255692302,6615177,0.015622634725376514
11:36:47,12.5,2429018112,6255692302,6615177,0.015643837976940578
11:36:48,12.9,2424909824,6255692302,6615177,0.015664890690765734
11:36:49,10.3,2427203584,6255692302,6615177,0.015686093143530897
11:36:50,12.6,2428207104,6255692302,6615177,0.01570716808976913
11:36:51,14.5,2428731392,6255692302,6615177,0.015728212230272747
11:36:52,16.3,2432729088,6255692302,6615177,0.01574941340627791
11:36:53,14.4,2433953792,6255692302,6615177,0.01577039582361558
11:36:54,16.0,2436055040,6255692302,6615177,0.01579159611106905
11:36:55,21.7,2441650176,6255692302,6615177,0.01581241531394064
11:36:56,12.2,2440757248,6255692302,6615177,0.015833604374592608
11:36:57,10.6,2440052736,6255692302,6615177,0.015854380920786858
11:36:58,8.9,2430038016,6255692302,6615177,0.01587551127270511
11:36:59,8.3,2431066112,6255692302,6615177,0.015896708896472735
11:37:00,11.6,2443046912,6255692302,6615177,0.01591780785575781
11:37:01,12.2,2453536768,6255692302,6615177,0.015939004752987776
11:37:02,11.2,2448551936,6255692302,6615177,0.01595993948647243
11:37:03,13.1,2448654336,6255692302,6615177,0.015999876432379084
11:37:04,10.6,2450894848,6255692302,6615177,0.016021068557337398
11:37:05,11.4,2453188608,6255692302,6615177,0.01604204848863611
11:37:06,12.4,2456350720,6255692302,6615177,0.016062815407840263
11:37:07,12.8,2455842816,6255692302,6615177,0.01608400580366318
11:37:08,10.5,2461659136,6255692302,6615177,0.01612632729978976
11:37:09,9.1,2461425664,6255692302,6615177,0.01616881262918474
11:37:10,10.2,2445164544,6255692302,6615177,0.01618983260405416
11:37:11,8.3,2438545408,6255692302,6615177,0.016232309485383064
11:37:12,10.7,2437050368,6255692302,6615177,0.016253494008601037
11:37:13,12.3,2428678144,6255692302,6615177,0.01627467475813389
11:37:14,12.3,2428145664,6255692302,6615177,0.016317101350021793
11:37:15,7.1,2427695104,6255692302,6615177,0.01633796801581822
11:37:16,15.6,2421993472,6255692302,6615177,0.01635828651847685
11:37:17,12.1,2425896960,6255692302,6615177,0.01637391201449634
11:37:18,8.2,2430476288,6255692302,6615177,0.01639495314370299
11:37:19,7.5,2427203584,6255692302,6615177,0.016413400551637147
11:37:20,10.9,2427367424,6255692302,6615177,0.016455798803697488
11:37:21,10.2,2423476224,6255692302,6615177,0.01647666611904104
11:37:22,8.8,2430115840,6255692302,6615177,0.01649783088116139
11:37:23,8.8,2433691648,6255692302,6615177,0.016518991811444225
11:37:24,9.1,2424803328,6255692302,6615177,0.016539754561324255
11:37:25,9.9,2425815040,6255692302,6615177,0.01656090023606201
11:37:26,15.9,2426675200,6255692302,6615177,0.016579589238016234
11:37:27,8.5,2427510784,6255692302,6615177,0.016600738147565134
11:37:28,13.8,2425360384,6255692302,6615177,0.016621893790248834
11:37:29,7.8,2429579264,6255692302,6615177,0.016643049108753544
11:37:30,10.4,2430197760,6255692302,6615177,0.016664204103086725
11:37:31,13.2,2409603072,6255692302,6615177,0.0166847764237299
11:37:32,11.0,2410958848,6255692302,6615177,0.01670593003588423
11:37:33,9.3,2409373696,6255692302,6615177,0.01674836103614044
11:37:34,9.2,2394390528,6255692302,6615177,0.01676131688008719
11:37:35,7.6,2387611648,6255692302,6615177,0.016803722471208603
11:37:36,9.4,2385018880,6255692302,6615177,0.016845926718198116
11:37:37,11.9,2386513920,6255692302,6615177,0.01686703897163386
11:37:38,9.5,2387128320,6255692302,6615177,0.01688813286961867
11:37:39,10.5,2400260096,6255692302,6615177,0.01690890624527262
11:37:40,7.8,2397790208,6255692302,6615177,0.016929678401510825
11:37:41,8.2,2397818880,6255692302,6615177,0.016950615169620202
11:37:42,8.9,2393858048,6255692302,6615177,0.016971356210742774
11:37:43,5.8,2395770880,6255692302,6615177,0.016992493475621543
11:37:44,8.6,2395611136,6255692302,6615177,0.01701363041684086
11:37:45,10.2,2396831744,6255692302,6615177,0.017034734429606752
11:37:46,7.2,2396823552,6255692302,6615177,0.017055867056108964
11:37:47,7.3,2400645120,6255692302,6615177,0.01707700298172341
11:37:48,5.6,2401042432,6255692302,6615177,0.017098007683364037
11:37:49,9.3,2403115008,6255692302,6615177,0.017116762206018946
11:37:50,7.8,2394083328,6255692302,6615177,0.017114436924673706
11:37:51,8.7,2394607616,6255692302,6615177,0.017135539730484713
11:37:52,7.7,2397368320,6255692302,6615177,0.01715664221367398
11:37:53,10.5,2396098560,6255692302,6615177,0.017177653189658224
11:37:54,6.6,2396995584,6255692302,6615177,0.017198754916309213
11:37:55,13.3,2398662656,6255692302,6615177,0.01721919456102758
11:37:56,11.2,2383405056,6255692302,6615177,0.01723979337088544
11:37:57,9.7,2393919488,6255692302,6615177,0.01726089271405086
11:37:58,6.4,2388942848,6255692302,6615177,0.017281988065555847
11:37:59,7.8,2394173440,6255692302,6615177,0.017303072064906687
11:38:00,7.8,2395893760,6255692302,6615177,0.017324155706157054
