timestamp,CPU_use,RAM_filled,Net_bytes_sent,Net_bytes_received,Disk_IO_percentage
11:25:30,6.3,2261762048,819509799,3292992,2.2243136949604e-05
11:25:31,5.4,2263285760,819509799,3292992,6.672452795315672e-05
11:25:32,6.6,2264698880,819509799,3292992,0.00011120744765173519
11:25:33,12.8,2295611392,819509799,3292992,0.0001334486106915357
11:25:34,7.7,2300551168,819509799,3292992,0.00015568987266848162
11:25:35,21.8,2458193920,819509799,3292992,0.00017787308810748872
11:25:36,19.7,2608906240,819509799,3293207,0.00020007052486001314
11:25:37,15.4,2603507712,819509799,3293422,0.00022230043492524343
11:25:38,12.3,2601443328,819509799,3293773,0.0002445047148566566
11:25:39,9.2,2599251968,819509799,3293909,0.0002667322383419257
11:25:40,8.7,2604802048,819509799,3293909,0.00028895639231275974
11:25:41,9.6,2605744128,819509799,3293991,0.0003111802104056106
11:25:42,12.5,2587947008,819509799,3293991,0.00033340714597092743
11:25:43,15.9,2654171136,819509799,3294206,0.00035557928059533307
11:25:44,14.6,2709483520,819589898,3295454,0.0003777593305304702
11:25:45,14.8,2718146560,819590112,3296324,0.00037773566025165974
11:25:46,14.0,2736558080,820313665,3306773,0.00039995513836531336
11:25:47,14.0,2753986560,831190381,3357421,0.00042212646986797384
11:25:48,12.0,2763247616,839695675,3389729,0.0004443433563308791
11:25:49,14.9,2760679424,846347605,3415373,0.0004665509879411566
11:25:50,12.8,2767392768,849050639,3429933,0.0004887673758884945
11:25:51,15.7,2765012992,853279447,3449923,0.000510983620697747
11:25:52,14.9,2778263552,862389433,3477959,0.0005331929554768886
11:25:53,19.3,2852057088,874880449,3537283,0.01528238962818868
11:25:54,51.0,3126128640,874880597,3537778,0.01529968479651558
11:25:55,29.6,3095396352,874880597,3537993,0.015321880227863006
11:25:56,17.7,3101437952,881113503,3565398,0.015343683806423774
11:25:57,13.2,3100188672,885293081,3580341,0.015364571928205483
11:25:58,12.8,3094835200,885293081,3580477,0.015386764817795892
11:25:59,12.2,3077988352,885293081,3580477,0.015408776352768171
11:26:00,14.3,3072446464,885293081,3580559,0.015430965496083615
11:26:01,18.3,3073056768,885293081,3580559,0.015451936678807131
11:26:02,14.9,3074781184,885293081,3580559,0.015474123995576442
11:26:03,14.1,3076210688,885293081,3580559,0.015495520035368858
11:26:04,18.0,3072573440,885293081,3580559,0.015517316876097722
11:26:05,19.1,3079229440,885293081,3580559,0.015539505835944663
11:26:06,19.5,3080941568,885293081,3580559,0.015556000241661688
11:26:07,17.8,3077070848,885293081,3580559,0.015578153370803378
11:26:08,17.0,3068342272,885293081,3580559,0.015600330624930272
11:26:09,14.0,3067932672,885293081,3580559,0.015622504372886543
11:26:10,15.8,3059998720,885293081,3580559,0.015644226761624535
11:26:11,9.6,3063791616,885293081,3580559,0.015666212046950928
11:26:12,9.4,3064594432,885293081,3580559,0.01568797048309463
11:26:13,9.9,3067011072,885293081,3580559,0.015710149516577288
11:26:14,9.6,3055792128,885293081,3580559,0.015731804900102207
11:26:15,10.1,3055177728,885293081,3580559,0.015753867782558238
11:26:16,7.7,3053625344,885293081,3580559,0.015776042326833113
11:26:17,6.5,3055828992,885293081,3580559,0.01579548660608735
11:26:18,6.9,3057704960,885293081,3580559,0.015817323885162902
11:26:19,6.4,3057700864,885293081,3580559,0.01583946941770594
11:26:20,6.2,3057762304,885293081,3580559,0.015861642992240164
11:26:21,5.3,3057770496,885293081,3580559,0.015883816537260335
11:26:22,5.3,3058024448,885293081,3580559,0.015905855967150082
11:26:23,5.5,3043532800,885293081,3580559,0.015927728928244084
11:26:24,5.0,3044777984,885293081,3580559,0.015949901779994616
11:26:25,4.7,3044773888,885293081,3580559,0.01597207460223295
11:26:26,4.8,3044769792,885293081,3580762,0.01599424739495914
11:26:27,4.5,3044483072,885293081,3580762,0.01601179195293243
11:26:28,4.8,3043680256,885293081,3580762,0.016033727155750417
11:26:29,5.8,3043934208,885293081,3580762,0.01605588601518468
11:26:30,5.3,3045195776,885293081,3580762,0.016078044825478092
11:26:31,5.8,3046305792,885293081,3580762,0.016100207157107586
11:26:32,5.2,3046375424,885293081,3580762,0.016121186082449224
11:26:33,7.2,3055120384,885293081,3580762,0.016165349573189866
11:26:34,5.7,3054252032,885293081,3580762,0.016187423757649873
11:26:35,6.3,3055104000,885293081,3580762,0.016209576744335336
11:26:36,5.6,3053465600,885293081,3580762,0.01623172967207305
11:26:37,6.0,3053658112,885293081,3580762,0.016252102255433713
11:26:38,6.9,3052879872,885293081,3580762,0.016296421034333843
11:26:39,6.3,3052662784,885293081,3580762,0.016318459164968258
11:26:40,5.6,3052916736,885293081,3580762,0.016340609246423537
11:26:41,5.5,3052654592,885293081,3580762,0.016362759268946057
11:26:42,6.0,3052843008,885293081,3580762,0.016384484203855132
11:26:43,6.3,3053350912,885293081,3580762,0.016406178855173512
11:26:44,5.4,3053699072,885293081,3580762,0.016428200036281714
11:26:45,5.3,3054125056,885293081,3580762,0.016450257287455666
11:26:46,5.2,3053850624,885293081,3580762,0.016472405533774943
11:26:47,4.8,3053035520,885293081,3580762,0.016494473270667265
11:26:48,5.2,3051999232,885293081,3580762,0.01651662129122179
11:26:49,6.1,3052224512,885293081,3580762,0.016538769252853892
11:26:50,4.8,3052216320,885293081,3580762,0.016560825367592957
11:26:51,4.3,3051241472,885293151,3580832,0.01660513915755079
11:26:52,5.1,3051495424,885293151,3580832,0.01662708035951073
11:26:53,7.0,3051675648,885293151,3580832,0.016649054176875806
11:26:54,4.8,3051790336,885293151,3580832,0.016671201181660062
11:26:55,5.7,3052171264,885293151,3580832,0.01669334812752676
11:26:56,5.5,3051458560,885293151,3580832,0.01671549501447614
11:26:57,5.2,3052187648,885293151,3580832,0.016737641842508432
11:26:58,7.3,3054456832,885293151,3580832,0.016757856783166467
11:26:59,5.6,3054456832,885293151,3580832,0.01680216366648481
11:27:00,5.9,3054444544,885293151,3580832,0.01682430773321325
11:27:01,10.1,3037773824,885293151,3580832,0.016846451741039225
11:27:02,9.9,3037335552,885293151,3580832,0.01686859568996297
11:27:03,7.7,3034021888,885293151,3580832,0.016890443804723196
11:27:04,5.9,3034075136,885293151,3580832,0.016912471035592385
11:27:05,5.7,3035635712,885293151,3580832,0.01693461051476395
11:27:06,6.0,3036057600,885293151,3580832,0.016956753683813178
11:27:07,5.3,3036053504,885293151,3580832,0.016978896793964245
11:27:08,6.3,3037749248,885293151,3580832,0.016999717243946885
11:27:09,5.2,3036946432,885293151,3580832,0.0170438637353068
11:27:10,5.2,3037134848,885293151,3580832,0.01706600471254448
11:27:11,4.8,3037134848,885293151,3580832,0.01708814563089528
11:27:12,5.3,3037716480,885293151,3580832,0.017110282698107625
11:27:13,5.3,3035975680,885293151,3580832,0.017131926081168872
11:27:14,4.7,3035873280,885293151,3580832,0.01715406617579959
11:27:15,4.8,3035869184,885293151,3580832,0.017176206211547806
11:27:16,4.7,3035865088,885293151,3580832,0.017198346188413757
11:27:17,5.6,3035611136,885293151,3580832,0.017220482289858726
11:27:18,6.2,3035017216,885293151,3580832,0.01724120450644753
11:27:19,5.3,3034501120,885293151,3580832,0.017285495723917393
11:27:20,5.2,3034820608,885293151,3580832,0.017307633602715238
11:27:21,5.3,3034816512,885293151,3580832,0.017329771422641825
11:27:22,5.8,3034816512,885293151,3580832,0.017351909183697382
11:27:23,5.9,3035824128,885293151,3580832,0.017373627221681665
11:27:24,6.1,3035869184,885293151,3580832,0.01739576433082733
11:27:25,6.6,3037356032,885293151,3580832,0.01741790138110551
11:27:26,6.2,3040440320,885293151,3580832,0.01743983354376919
11:27:27,6.5,3040952320,885293151,3580832,0.017461970216593247
11:27:28,6.5,3042177024,885293151,3580832,0.017484106830551915
11:27:29,6.2,3034427392,885293151,3580832,0.017506243385645423
11:27:30,5.2,3033624576,885293151,3580832,0.017528379881874008
11:27:31,6.2,3032907776,885293151,3580832,0.0175504074237337
11:27:32,6.3,3033206784,885293151,3580832,0.01757254366502876
11:27:33,6.7,3034673152,885293151,3580832,0.017593081443171107
11:27:34,5.5,3034333184,885293151,3580832,0.01763736133774068
11:27:36,5.8,3033509888,885293151,3581047,0.017659092330409153
11:27:37,5.1,3037896704,885293151,3581262,0.01768121794344503
11:27:38,5.0,3037958144,885293151,3581477,0.017703343478043396
11:27:39,5.6,3039506432,885293151,3581692,0.017725468934204666
11:27:40,4.8,3039727616,885293151,3581692,0.017769747171616262
11:27:41,4.8,3039977472,885293151,3581762,0.01779175416448632
11:27:42,4.9,3040034816,885293151,3581762,0.017836027856773594
11:27:43,5.3,3035631616,885293151,3581977,0.01785771752779841
11:27:44,5.5,3036844032,885293151,3582192,0.01787935852982488
11:27:45,5.3,3037585408,885293151,3582407,0.017901331428141303
11:27:46,5.6,3038355456,885293151,3582622,0.017923450802647685
11:27:47,5.3,3038351360,885293151,3582622,0.017945570088944117
11:27:48,5.7,3038306304,885293151,3582622,0.017967689287031123
11:27:49,5.7,3036446720,885293151,3582622,0.01798980839690923
11:27:50,6.1,3037052928,885293151,3582622,0.018010107923854903
11:27:51,5.6,3035955200,885293151,3582622,0.01805437323717183
11:27:52,6.1,3035951104,885293151,3582622,0.018076489802650034
11:27:53,6.0,3036016640,885293151,3582622,0.018098606279939474
11:27:54,6.5,3035709440,885293151,3582837,0.01812053801826774
11:27:55,6.9,3035705344,885293151,3583052,0.018142654094183967
11:27:56,6.3,3035705344,885293151,3583267,0.018164770081914805
11:27:57,5.9,3035185152,885293151,3583482,0.018186885981460784
11:27:58,6.1,3035181056,885293151,3583482,0.018209001792822428
11:27:59,8.5,3035435008,885293151,3583482,0.01823092770556631
11:28:00,5.5,3035156480,885293151,3583482,0.018252913723804286
11:28:01,5.2,3035410432,885293151,3583482,0.01827502888423694
11:28:02,5.5,3034710016,885293151,3583482,0.018297143956490455
11:28:03,6.2,3035627520,885293151,3583482,0.018319258940565356
11:28:04,5.6,3034439680,885293151,3583482,0.018341373836462175
11:28:05,5.3,3035111424,885293151,3583482,0.01836337881518439
11:28:06,4.8,3034882048,885293151,3583482,0.018385493402681346
11:28:07,5.3,3035713536,885293151,3583482,0.018407607902002857
11:28:08,5.2,3035971584,885293151,3583482,0.018429722313149446
11:28:09,5.1,3036033024,885293151,3583482,0.01845183663612164
11:28:10,4.6,3036192768,885293151,3583482,0.018472158674957065
11:28:11,5.3,3036508160,885293151,3583482,0.01851641130464563
11:28:12,5.1,3036696576,885293151,3583482,0.018538523167422966
11:28:13,5.8,3036692480,885293151,3583482,0.018560067649010296
11:28:14,5.6,3036426240,885293151,3583552,0.01858217866078194
11:28:15,6.1,3035897856,885293151,3583552,0.01860428958440509
11:28:16,5.4,3035541504,885293151,3583552,0.01862640041988026
11:28:17,5.7,3033894912,885293151,3583552,0.018648511167207987
11:28:18,5.5,3033698304,885293151,3583552,0.018670477097686516
11:28:19,6.2,3033403392,885293151,3583552,0.01869258749761567
11:28:20,6.4,3033657344,885293151,3583552,0.018714697809400327
11:28:21,5.4,3032592384,885293151,3583552,0.018736808033041008
11:28:22,6.5,3032535040,885293151,3583552,0.01875891816853825
11:28:23,6.0,3032637440,885293151,3583552,0.01878102821589257
11:28:24,6.4,3032920064,885293151,3583552,0.01880287165694659
11:28:25,6.7,3038691328,885293151,3583552,0.018823655510716502
11:28:26,12.7,3017539584,885293151,3583552,0.018866900879015998
11:28:27,9.0,3022069760,885293151,3583552,0.018888990752144997
11:28:28,7.9,3023945728,885293151,3583552,0.018911097248878232
11:28:29,8.7,3019051008,885293151,3583552,0.0189328137549217
11:28:30,8.6,3019739136,885293151,3583622,0.018954919620954754
11:28:31,8.2,3020038144,885293151,3583622,0.018977025398877367
11:28:32,8.8,3020550144,885293151,3583622,0.01899913108869007
11:28:33,8.0,3021795328,885293151,3583622,0.01902123669039339
11:28:34,9.3,3026436096,885293151,3583622,0.019043114496947344
11:28:35,8.4,3026366464,885293151,3583622,0.019065219658566494
11:28:36,8.4,3027214336,885293151,3583622,0.019085499050374648
11:28:37,8.7,3051151360,885293151,3583622,0.019128391802598538
11:28:38,5.3,3033833472,885293151,3583622,0.01912205664019496
11:28:39,5.1,3034095616,885293151,3583622,0.019144120743251697
11:28:40,6.0,3034124288,885293151,3583622,0.019166184748757184
11:28:41,5.5,3034112000,885293151,3583622,0.01918824441490555
11:28:42,5.1,3034124288,885293151,3583622,0.019209968492556857
11:28:43,5.3,3033907200,885293151,3583622,0.019231525908844336
11:28:44,5.8,3033305088,885293151,3583622,0.019253584294557292
11:28:45,5.5,3032510464,885293151,3583622,0.019297743401907007
11:28:46,5.8,3029622784,885293151,3583622,0.019319801514460232
11:28:47,6.3,3029753856,885293151,3583622,0.01934185524422905
11:28:48,6.6,3030003712,885293151,3583622,0.019363776166241995
11:28:49,5.6,3029934080,885293151,3583622,0.019385829511244998
11:28:50,6.9,3029995520,885293151,3583622,0.019407882739252442
11:28:51,6.0,3029925888,885293151,3583622,0.019429935850265267
11:28:52,6.4,3030183936,885293151,3583622,0.0194519888442844
11:28:53,5.6,3030237184,885293151,3583622,0.019473968542798963
11:28:54,6.5,3030233088,885293151,3583622,0.019495818677392168
11:28:55,6.7,3030228992,885293151,3583622,0.019517871009197715
11:28:56,6.3,3030220800,885293151,3583622,0.019539366075770302
11:28:57,5.8,3029983232,885293151,3583622,0.019561417546304194
11:28:58,5.6,3029954560,885293151,3583622,0.019583468899859954
11:28:59,4.9,3030183936,885293151,3583622,0.019605520136438508
11:29:00,7.4,3029913600,885293151,3583622,0.019627571256040782
11:29:01,5.1,3030142976,885293151,3583622,0.019649513680062153
11:29:02,4.7,3029999616,885293151,3583622,0.01967156444415563
11:29:03,6.6,3024052224,885293151,3583622,0.019693414862450007
11:29:04,5.1,3024375808,885293151,3583622,0.019715465168939655
11:29:05,6.1,3024371712,885293151,3583622,0.019737515358461348
11:29:06,4.7,3024531456,885293151,3583622,0.019757997679429803
11:29:07,4.5,3024400384,885293151,3583622,0.019780041518196644
11:29:08,4.3,3024396288,885293151,3583622,0.01980190580083128
11:29:09,5.1,3024744448,885293151,3583622,0.01982395356819009
11:29:10,6.2,3024744448,885293151,3583622,0.019846001218606357
11:29:11,5.6,3024740352,885293151,3583622,0.019867192569007
11:29:12,4.8,3024736256,885293151,3583622,0.01991133379196435
11:29:13,5.1,3024736256,885293151,3583622,0.01993281624396353
11:29:14,5.7,3024723968,885293151,3583622,0.019954861793245977
11:29:15,6.2,3024723968,885293151,3583622,0.019976907225607566
11:29:16,6.1,3024719872,885293151,3583622,0.019998939282778374
11:29:17,6.1,3024199680,885293151,3583622,0.020020975618164197
11:29:18,6.0,3024134144,885293151,3583622,0.020042865656892218
11:29:19,6.1,3023577088,885293151,3583622,0.02006491042719034
11:29:20,7.1,3023384576,885293151,3583622,0.02008695508057432
11:29:21,9.2,3023605760,885293151,3583622,0.020108999617045095
11:29:22,10.1,3020767232,885293151,3583622,0.020129438253887234
11:29:23,8.5,3020378112,885293151,3583622,0.020173425169187204
11:29:24,6.5,3016597504,885293151,3583622,0.020195257649727176
11:29:25,9.4,3018174464,885293151,3583622,0.02021729951233222
11:29:26,8.5,3040428032,885293151,3583696,0.02023934125805182
11:29:27,8.1,3031207936,885293151,3583696,0.02026138288688691
11:29:28,7.2,3031810048,885293151,3583696,0.020283240652033272
11:29:29,7.1,3034750976,885293151,3583696,0.020305281847917637
11:29:30,7.7,3028828160,885293151,3583696,0.02032732292692239
11:29:31,7.6,3029204992,885293151,3583696,0.020349363889048462
11:29:32,7.5,3035160576,885293151,3583696,0.020371404734296782
11:29:33,6.4,3034976256,885293151,3583696,0.020393319298841004
11:29:34,8.9,3035521024,885293151,3583696,0.02041535977431748
11:29:35,7.2,3033493504,885293151,3583696,0.020437314338046436
11:29:36,6.0,3032870912,885293151,3583911,0.02045935448748102
11:29:37,22.9,3050213376,885293151,3584126,0.020478349502466683
11:29:38,5.3,3055751168,885293151,3584341,0.02052186053087336
11:29:39,6.6,3067531264,885293151,3584556,0.020543728430465775
11:29:40,10.3,3078279168,885293151,3584556,0.020565341457563606
11:29:41,19.2,3070435328,885293151,3584556,0.020585880339048564
11:29:42,21.8,3096489984,885293151,3584556,0.02060749481112999
11:29:43,24.6,3164807168,885293151,3584771,0.020627249479957005
11:29:44,25.2,3239206912,885293151,3584986,0.02064356706708563
11:29:45,18.0,3284267008,885293151,3585275,0.020665308114003616
11:29:46,25.2,3331522560,885293151,3585490,0.020686705910326553
11:29:47,32.2,3423485952,895695119,3628829,0.020726971484852426
11:29:48,27.3,3443806208,895695119,3628829,0.0207489808166843
11:29:49,18.5,3446878208,906115819,3692556,0.02077025646300411
11:29:50,12.8,3432681472,906115819,3692556,0.020814332621422824
11:29:51,24.9,3443044352,906115819,3692556,0.02083571524110498
11:29:52,25.9,3475234816,906115819,3692556,0.02085627247428885
11:29:53,25.7,3530006528,906115819,3692556,0.020877365779614025
11:29:54,24.2,3548487680,906115819,3692771,0.020898613916534862
11:29:55,13.4,3547496448,906115819,3692986,0.02094267642991144
11:29:56,13.5,3548180480,906115819,3692986,0.020964675184356733
11:29:57,12.6,3543228416,906115819,3693201,0.02098647464741178
11:29:58,10.6,3528826880,906115819,3693201,0.021008463630311065
11:29:59,7.6,3524661248,906115819,3693201,0.02103045708915082
11:30:00,9.9,3526004736,906115819,3693201,0.021052422518147783
11:30:01,10.3,3524730880,906115819,3693201,0.021073694821122948
11:30:02,12.5,3463454720,906115819,3693201,0.021095691690437936
11:30:03,12.1,3452645376,906115819,3693201,0.02111583857790895
11:30:04,6.5,3453235200,906115819,3693201,0.02113634087137323
11:30:05,9.0,3452493824,906115819,3693201,0.02115799306617929
11:30:06,5.5,3446198272,906115819,3693201,0.021179985531422384
11:30:07,8.3,3446398976,906115819,3693201,0.02120195446279079
11:30:08,8.1,3446460416,906115819,3693271,0.021212737962487856
11:30:09,7.8,3447156736,906115819,3693271,0.021256633050756826
11:30:10,9.8,3439554560,906115819,3693271,0.021278613119532885
11:30:11,8.1,3438424064,906115819,3693271,0.02130026896550812
11:30:12,6.6,3433717760,906115819,3693271,0.021322173185878857
11:30:13,6.1,3431890944,906115819,3693271,0.02133773960595279
11:30:14,6.1,3429990400,906115819,3693271,0.021359712100177713
11:30:15,7.2,3428929536,906115819,3693271,0.021381632604476827
11:30:16,4.7,3423674368,906115819,3693271,0.021403604754994855
11:30:17,6.2,3427753984,906115819,3693271,0.021425562591849426
11:30:18,17.5,3539013632,906115819,3693271,0.021425262167699247
11:30:19,33.1,3718684672,906115819,3693271,0.021404387108229943
11:30:20,55.7,3950317568,906115819,3693271,0.021385152518907765
11:30:21,83.6,4190371840,906115819,3693271,0.021383845950423218
11:30:22,88.4,4363464704,906115819,3693271,0.02132361366500974
11:30:23,89.6,4459937792,906115819,3693271,0.021287327721351713
11:30:24,89.8,4595687424,906115819,3693271,0.02129464479923435
11:30:25,78.5,4644917248,906115819,3693271,0.021275598017982657
11:30:26,37.5,4679241728,906115819,3693271,0.02130290474434345
11:30:27,16.1,4676517888,906115819,3693271,0.021311981170875478
11:30:28,14.9,4651077632,906115819,3693271,0.02132812210436604
11:30:29,17.4,4648947712,906115819,3693271,0.02134263597805067
11:30:31,62.1,4707893248,906115819,3693271,0.021382718820280523
11:30:32,86.8,4750880768,906115819,3693271,0.02139785609941773
11:30:33,63.7,4807946240,906115819,3693271,0.021414899053327212
11:30:34,41.0,4799062016,906115819,3693271,0.02142128726357336
11:30:35,87.3,4874141696,906115819,3693271,0.021403402298651973
11:30:36,81.6,4958416896,906115819,3693271,0.021418431294228144
11:30:37,57.7,4960362496,906115819,3693271,0.02143340018769874
11:30:38,10.7,4975972352,906115819,3693271,0.021470201733583928
11:30:39,15.7,4756332544,906115819,3693271,0.021464782655592707
11:30:40,7.6,4760940544,906115819,3693271,0.021485011184717167
11:30:41,24.3,4835356672,906115819,3693271,0.021504940312466567
11:30:42,16.9,4834091008,906115819,3693271,0.021526426384582766
11:30:43,32.0,4763856896,906115819,3693271,0.0215463600454997
11:30:44,13.9,4762857472,906115819,3693271,0.02156726279299935
11:30:45,24.1,4622573568,906115819,3693271,0.021588434292872022
11:30:46,15.1,4623994880,906115819,3693271,0.02160974949081219
11:30:47,13.1,4618424320,906115819,3693271,0.02163061635826684
11:30:48,9.9,4595462144,906115819,3693271,0.02165197215176825
11:30:49,17.0,4606238720,906115819,3693271,0.021672425493759313
11:30:50,12.2,4609937408,906115819,3693271,0.02169330241929919
11:30:51,10.3,4607475712,906115819,3693271,0.021714084376144867
11:30:52,20.2,4618420224,906115819,3693271,0.021734630511281307
11:30:53,17.1,4608630784,906115819,3693271,0.021755709472228914
11:30:54,13.3,4533899264,906115819,3693271,0.021776510475902996
11:30:55,21.5,4529909760,906115819,3693271,0.021795538446812417
11:30:56,16.8,4513558528,906115819,3693271,0.021859883750259237
11:30:57,15.3,4512616448,906115819,3693271,0.021880621056098892
11:30:58,9.7,4521009152,906115819,3693271,0.021901942245268126
11:30:59,53.1,4578369536,906115819,3693271,0.02192327715269013
11:31:00,27.6,4558589952,906115819,3693271,0.021934875827702198
11:31:01,36.9,4590047232,906115819,3693271,0.021956025463818345
11:31:02,49.7,4661616640,906115819,3693271,0.02197412998602704
11:31:03,81.4,4726140928,906115819,3693271,0.021993076812059358
11:31:04,69.4,4721823744,906115819,3693271,0.02201425239749641
11:31:05,44.3,4722085888,906115819,3693271,0.022034881454276328
11:31:06,13.3,4728438784,906115819,3693271,0.022077870047718353
11:31:07,15.7,4727169024,906115819,3693271,0.022099019113713023
11:31:08,20.4,4734062592,906115819,3693271,0.02212034848056683
11:31:09,15.6,4725977088,906115819,3693271,0.022141429457578056
11:31:10,23.9,4723949568,906115819,3693271,0.022162838928283506
11:31:11,19.5,4701888512,906115819,3693271,0.02218375124218238
11:31:12,16.7,4696268800,906115819,3693271,0.02220502583084164
11:31:13,21.8,4681621504,906115819,3693271,0.022225644129102565
11:31:14,18.8,4679237632,906115819,3693271,0.022246797311863273
11:31:15,15.1,4684267520,906115819,3693271,0.02226795935688238
11:31:16,20.0,4684976128,906115819,3693271,0.0222885207011904
11:31:17,14.4,4682452992,906115819,3693271,0.02230959909262812
11:31:18,22.5,4662276096,906115819,3693271,0.02233104208658501
11:31:19,19.8,4662411264,906115819,3693271,0.022352186476668773
11:31:20,17.0,4666269696,906115819,3693271,0.022373633652529073
11:31:21,9.9,4666863616,906115819,3693271,0.022394873296697617
11:31:22,15.9,4658900992,906115819,3693271,0.02241590965419422
11:31:23,13.7,4651405312,906115819,3693271,0.022437350911124403
11:31:24,14.2,4634787840,906115819,3693271,0.02245879682863701
11:31:25,12.3,4638605312,906115819,3693271,0.022479937624632844
11:31:26,15.3,4637925376,906115819,3693271,0.02249920768340407
11:31:27,15.5,4638838784,906115819,3693271,0.02254187524719093
11:31:28,13.3,4639473664,906115819,3693271,0.022562710556592792
11:31:29,6.8,4635594752,906115819,3693271,0.022583528781862434
11:31:30,18.5,4630220800,906115819,3693271,0.022604969810255497
11:31:31,19.9,4635099136,906115819,3693271,0.022625446232300797
11:31:32,18.3,4630302720,906115819,3693271,0.022646656881459552
11:31:33,17.0,4629200896,906115819,3693271,0.022667764463844674
11:31:34,14.6,4625829888,906115819,3693271,0.022689203388849943
11:31:35,8.3,4626595840,906115819,3693271,0.022710637258866982
11:31:36,6.3,4625461248,906115819,3693486,0.02273176756444771
11:31:37,15.1,4611919872,906115819,3693701,0.02275320569689038
11:31:38,9.8,4611854336,906115819,3693916,0.02277463876070232
11:31:39,10.9,4616888320,906115819,3694131,0.022796076556285617
11:31:40,14.5,4615999488,906115819,3694131,0.022816546624186994
11:31:41,13.4,4616916992,906115819,3694131,0.02283795368706224
11:31:42,31.8,4590456832,906115819,3694131,0.0228593900514191
11:31:43,29.7,4586770432,906115819,3694346,0.022880215560472997
11:31:44,8.4,4584837120,906115819,3694346,0.022901498213214994
11:31:45,10.7,4579950592,906115819,3694561,0.022922844557123918
11:31:46,10.3,4580388864,906115819,3694776,0.022944121432516007
11:31:47,8.4,4580900864,906115819,3694776,0.02296555602446854
11:31:48,11.8,4577632256,906115819,3694776,0.022986990450336774
11:31:49,21.1,4531040256,906115819,3694776,0.023008424710122637
11:31:50,9.8,4532682752,906115819,3694776,0.023029363137490304
11:31:51,10.8,4533194752,906115819,3694776,0.023048112935753384
11:31:52,10.2,4533489664,906115819,3694776,0.02306907709112065
11:31:53,12.3,4531417088,906115819,3694776,0.023090129674318886
11:31:54,16.4,4531212288,906115819,3694991,0.02311153451174543
11:31:55,10.9,4535586816,906115819,3695206,0.023132929181334784
11:31:56,13.8,4575993856,906115819,3695495,0.02315410439047331
11:31:57,8.7,4573196288,906115819,3695710,0.0231751443241796
11:31:58,7.6,4576272384,906115819,3695710,0.02319656273419477
11:31:59,10.3,4577353728,906115819,3695710,0.023217975963800184
11:32:00,7.0,4565827584,906115819,3695710,0.0232393940005245
11:32:01,7.1,4566142976,906115819,3695710,0.023281538186698463
11:32:02,8.3,4570116096,906115819,3695710,0.023302914924618674
11:32:03,11.8,4552896512,906115819,3695710,0.023324326535622608
11:32:04,8.8,4544851968,906115819,3695710,0.023345737953128536
11:32:05,9.2,4539760640,906115819,3695710,0.02336714414929798
11:32:06,16.9,4521222144,906115819,3695710,0.0233881123302849
11:32:07,14.3,4531863552,906115819,3695710,0.023406304675328685
11:32:08,13.4,4528001024,906115819,3695710,0.023445810306294237
11:32:09,13.5,4542775296,906115819,3695710,0.023466526484104546
11:32:10,12.9,4545212416,906115819,3695710,0.023487914424838083
11:32:11,14.0,4543143936,906115819,3695710,0.023508255473439165
11:32:12,13.8,4562677760,906115819,3695710,0.02352930296160583
11:32:13,29.3,4600049664,906115819,3695710,0.023542496409769298
11:32:14,12.6,4602949632,906115819,3695710,0.023563890015543352
11:32:15,22.7,4644405248,906115819,3695784,0.023584568468506914
11:32:16,17.2,4642353152,906115819,3695784,0.023605103388955457
11:32:17,11.0,4660383744,910870959,3717045,0.023626444204023697
11:32:18,15.5,4629667840,916534505,3733973,0.023647545798578157
11:32:19,18.8,4620771328,916534505,3733973,0.023668463513644676
11:32:20,20.8,4628500480,916534505,3733973,0.023689456590306864
11:32:21,17.9,4637208576,916534505,3733973,0.02370944473146797
11:32:22,16.2,4634505216,916534505,3733973,0.023730424951939978
11:32:23,8.7,4631379968,916534505,3733973,0.02375163910491357
11:32:24,13.5,4624101376,916534505,3733973,0.023773016272371703
11:32:25,12.4,4623536128,916534505,3733973,0.02379352891241542
11:32:26,20.9,4589350912,916534505,3733973,0.02381471037669047
11:32:27,16.5,4595027968,916534505,3733973,0.023835937393373672
11:32:28,6.9,4602015744,916534505,3733973,0.023857317764749867
11:32:29,10.7,4062875648,916534505,3733973,0.023878236040984168
11:32:30,14.5,3656024064,916534505,3733973,0.023895958886057212
11:32:31,11.1,3372376064,916534505,3733973,0.02391729386886726
11:32:32,11.7,3368878080,916534505,3733973,0.02393834050785168
11:32:33,16.3,3347677184,916534505,3733973,0.023958480275993097
11:32:34,13.9,3353137152,916534505,3733973,0.023979859496502453
11:32:35,13.1,3230814208,916534505,3733973,0.024000851740163812
11:32:36,19.1,3235274752,916534505,3733973,0.02402181214921413
11:32:37,10.1,3226005504,916534505,3733973,0.024039703536102897
11:32:38,10.4,3228028928,916534505,3733973,0.024060762878711305
11:32:39,16.4,3234877440,916534505,3733973,0.02408213188522598
11:32:40,10.6,3233783808,916534505,3733973,0.02410350586781805
11:32:41,8.9,3234705408,916534505,3733973,0.02412467753652026
11:32:42,7.0,3231358976,916534505,3733973,0.024142907972454317
11:32:43,8.5,3240861696,916534505,3733973,0.024163484335779646
11:32:44,11.3,3221864448,916534505,3733973,0.024184853902326053
11:32:45,10.8,3215880192,916534505,3733973,0.02420622327609861
11:32:46,8.7,3219922944,916534505,3733973,0.024227592457099927
11:32:47,22.1,3225067520,916534505,3733973,0.024246852285018848
11:32:48,21.2,3258408960,916534505,3733973,0.02426820359562429
11:32:49,19.0,3258609664,916534505,3733973,0.024288933942367794
11:32:50,10.9,3253231616,916534505,3733973,0.024310158972762636
11:32:51,14.4,3258683392,916534505,3733973,0.0243315089712507
11:32:52,17.6,3260469248,916534505,3733973,0.024352560653499035
11:32:53,18.7,3266228224,916534505,3733973,0.024372941654076666
11:32:54,25.9,3263483904,916534505,3733973,0.024393457013457093
11:32:55,18.6,3264479232,916534505,3733973,0.024414788576412758
11:32:56,7.8,3272302592,916534505,3733973,0.024436146127724385
11:32:57,7.1,3274199040,916534505,3733973,0.0244567997687018
11:32:58,7.7,3262009344,916534505,3733973,0.024478151049302108
11:32:59,6.8,3259658240,916534505,3733973,0.02449949685849243
11:33:00,10.2,3252248576,916534505,3733973,0.024520847712759954
11:33:01,10.0,3255148544,916534505,3733973,0.024542198356145087
11:33:02,9.9,3258073088,916534505,3733973,0.024563548788650955
11:33:03,19.2,3239514112,916534505,3733973,0.024578428961846872
11:33:04,11.1,3239727104,916534571,3734039,0.02462123387156238
11:33:05,18.8,3237130240,916534571,3734039,0.024664038340236866
11:33:06,8.2,3238383616,916534571,3734039,0.024685382121665662
11:33:07,13.7,3226951680,916534571,3734039,0.024706704478728782
11:33:08,19.5,3227213824,916534571,3734039,0.02472709773310253
11:33:09,25.0,3235655680,916534655,3734123,0.024748153198580747
11:33:10,19.3,3242164224,916534655,3734123,0.024769324929649433
11:33:11,20.9,3255922688,916534655,3734123,0.02479065046910672
11:33:12,11.0,3252215808,916534655,3734123,0.02481195446834646
11:33:13,12.0,3267194880,916534655,3734123,0.024832400079369245
11:33:14,11.0,3244523520,916534655,3734123,0.024853729470588736
11:33:15,22.3,3221835776,916534655,3734123,0.024861092133405604
11:33:16,22.8,3177832448,916534655,3734123,0.024879169807840586
11:33:17,23.1,3222360064,916534655,3734123,0.02489299869938906
11:33:18,27.9,3272159232,916534655,3734123,0.024906509494159935
11:33:19,22.4,3290689536,916534655,3734123,0.024919435016627238
11:33:20,9.0,3294310400,916534655,3734123,0.024940006856359272
11:33:21,15.9,3279028224,916534655,3734123,0.02496063611270552
11:33:22,13.9,3280789504,916534655,3734123,0.024980739549866782
11:33:23,13.9,3276779520,916534655,3734123,0.025001788902633562
11:33:24,13.9,3260428288,916534655,3734123,0.025022901953928728
11:33:25,6.6,3253870592,916534655,3734123,0.025043542343724228
11:33:26,7.8,3251929088,916534655,3734123,0.025064696909972747
11:33:27,14.6,3248553984,916534655,3734123,0.025085485593733383
11:33:28,10.1,3258605568,916534655,3734123,0.025106778787428275
11:33:29,13.9,3266748416,916534655,3734123,0.025128071762174044
11:33:30,10.6,3261030400,916534655,3734123,0.025149364517974084
11:33:31,9.8,3266732032,916534655,3734123,0.02517036588929152
11:33:32,17.4,3267403776,916534655,3734123,0.02519165796240616
11:33:33,9.7,3239772160,916534655,3734123,0.025206972372772786
11:33:34,13.3,3217035264,916534655,3734123,0.025227767334024633
11:33:35,10.1,3212570624,916534655,3734338,0.025249053321117845
11:33:36,7.4,3227332608,916534655,3734627,0.025270339089402603
11:33:37,9.0,3195719680,916534655,3734842,0.025291624638882286
11:33:38,6.1,3199041536,916534655,3735057,0.02531259014397981
11:33:39,8.2,3176607744,916534655,3735057,0.025333489802788527
11:33:40,7.4,3166523392,916534655,3735057,0.02535402484437468
11:33:41,6.7,3165597696,916534655,3735057,0.025375308304642463
11:33:42,6.6,3163099136,916534655,3735057,0.02539616192472929
11:33:43,6.8,3155410944,916534655,3735272,0.025416056781226635
11:33:44,7.3,3155365888,916534655,3735487,0.025437240033762156
11:33:45,7.1,3155161088,916534655,3735702,0.02545851557369555
11:33:46,8.2,3153960960,916534655,3735917,0.025479796341486657
11:33:47,7.4,3152584704,916534655,3735917,0.025500694685171337
11:33:48,7.9,3152400384,916534655,3735917,0.025521974698559144
11:33:49,9.6,3152101376,916534721,3735983,0.025537239953086828
11:33:50,8.2,3152773120,916534721,3735983,0.025557469630705265
11:33:51,8.2,3155308544,916534721,3735983,0.025578743144040645
11:33:52,7.2,3154845696,916534721,3735983,0.025600016438806543
11:33:53,7.7,3158405120,916534721,3735983,0.02562048885690668
11:33:54,8.7,3134615552,916534763,3736356,0.025641426271160866
11:33:55,7.4,3138535424,916534805,3736613,0.025662692480895314
11:33:56,7.9,3138756608,916534805,3736828,0.02568395846304624
11:33:57,7.8,3140431872,916534945,3737582,0.025704734572397137
11:33:58,7.2,3138613248,916534945,3737582,0.02572600520298824
11:33:59,7.6,3143192576,926893815,3748252,0.025743947657825058
11:34:00,7.3,3144945664,926893815,3748252,0.025765204091873925
11:34:01,7.7,3148853248,926893815,3748252,0.02578646028938614
11:34:02,7.3,3096055808,926893815,3748252,0.025807456685843215
11:34:03,6.5,3084087296,926893815,3748252,0.02582871219795707
11:34:04,6.9,3082989568,926893815,3748252,0.025846687633579554
11:34:05,6.5,3083575296,926893815,3748252,0.025867939994081823
11:34:06,7.2,3084308480,926893815,3748252,0.02588919211813174
11:34:07,6.2,3084812288,926893815,3748252,0.025910227800326497
11:34:08,6.7,3086479360,926893815,3748252,0.025931468178964787
11:34:09,6.2,3093118976,926893815,3748252,0.02595081496897776
11:34:10,7.1,3084730368,926893815,3748252,0.025993452645063787
11:34:11,6.7,3048308736,926893815,3748252,0.026014345542390547
11:34:12,6.5,3047694336,926893815,3748252,0.026035588531590666
11:34:13,5.6,3047391232,926893815,3748252,0.02605683127538562
11:34:14,6.6,3047145472,926893815,3748252,0.02607787293551064
11:34:15,5.7,3046027264,926893815,3748252,0.026099115026073445
11:34:16,6.3,3046793216,926893815,3748252,0.026120105421686746
11:34:17,7.0,3048112128,926893815,3748252,0.026141341226221432
11:34:18,6.6,3046522880,926893815,3748252,0.026160371849471977
11:34:19,5.9,3045871616,926893815,3748252,0.026181599768472518
11:34:20,6.9,3042955264,926893815,3748252,0.026202838633721963
11:34:21,5.7,3043176448,926893815,3748252,0.026223690216510148
11:34:22,6.0,3042131968,926893815,3748252,0.026244928279904833
11:34:23,6.2,3042131968,926893815,3748252,0.026265941373049946
11:34:24,7.0,3042361344,926893815,3748252,0.02628717876543516
11:34:25,5.4,3038916608,926893815,3748252,0.026304950078337424
11:34:26,6.0,3039408128,926893815,3748252,0.02634756458254294
11:34:27,5.8,3039342592,926893815,3748252,0.026368798333440618
11:34:28,7.0,3039551488,926893815,3748252,0.026390031839124313
11:34:29,10.9,3040862208,926893815,3748252,0.02641125945138147
11:34:30,6.4,3041505280,926893815,3748252,0.026432277660384154
11:34:31,6.1,3040288768,926893815,3748252,0.026453510254638022
11:34:32,6.9,3040452608,926893815,3748252,0.02647474260369898
11:34:33,6.6,3040440320,926893815,3748252,0.026495974707571264
11:34:34,7.2,3042697216,926893815,3748252,0.026517206566259124
11:34:35,7.1,3042803712,926893815,3748252,0.026538262250637098
11:34:36,18.9,3156643840,926893815,3748252,0.026559493479238045
11:34:37,19.5,3104010240,926893815,3748252,0.026580718778561444
11:34:38,20.3,3073200128,926893815,3748252,0.026601932446488202
11:34:39,20.8,3104813056,926893815,3748252,0.026623162921568164
11:34:40,19.2,3071291392,926893815,3748252,0.02664389177020221
11:34:41,21.1,3059474432,926893815,3748252,0.026665109954553845
11:34:42,19.5,3103531008,926893815,3748252,0.02668633358216344
11:34:43,20.8,3079745536,926893815,3748252,0.02670756266654806
11:34:44,19.9,3121147904,926893815,3748252,0.026728248551328927
11:34:45,20.2,3070771200,926893815,3748252,0.026749476717370928
11:34:46,13.7,3050352640,926893815,3748252,0.026770704638302553
11:34:47,20.2,3100499968,926893815,3748252,0.02679192658541707
11:34:48,20.4,3065417728,926893815,3748252,0.02681315401163486
11:34:49,20.5,3096768512,926893815,3748252,0.02683385907028269
11:34:50,21.9,3067449344,926893815,3748252,0.026855085596309048
11:34:51,19.9,3105050624,926893815,3748252,0.026876306130748418
11:34:52,20.9,3064758272,926893815,3748252,0.02689697432557654
11:34:53,19.1,3076628480,926893815,3748252,0.026918199674886303
11:34:54,12.0,3115450368,926893815,3748252,0.02693892944694378
11:34:55,17.5,3149824000,926893815,3748252,0.026956828457517876
11:34:56,20.1,3116990464,926893815,3748252,0.02697805008554094
11:34:57,20.5,3114033152,935065919,3784221,0.02699926569693057
11:34:58,17.8,3160096768,944824309,3808915,0.027020486830505445
11:34:59,20.3,3232059392,955016753,3859757,0.02704109498264774
11:35:00,22.2,3218317312,966521991,3898945,0.027061881288119895
11:35:01,22.9,3246522368,975904191,3938055,0.027083095082611988
11:35:02,20.9,3221688320,985216415,3968573,0.027104314416887442
11:35:03,20.7,3234734080,989702975,3989545,0.027125521909790645
11:35:04,19.6,3201531904,997520969,4029107,0.02714617789296497
11:35:05,20.0,3225559040,1000456723,4053533,0.027167227645336654
11:35:06,14.9,3255013376,1011942093,4098407,0.027188433800866094
11:35:07,16.7,3196719104,1013149699,4106015,0.02720963969349933
11:35:08,20.6,3248644096,1028007961,4155571,0.02723084532324125
11:35:09,22.4,3183411200,1044234357,4189061,0.027252050690096733
11:35:10,22.0,3112505344,1049638459,4214147,0.02727263206333919
11:35:11,19.8,3145662464,1066804043,4265971,0.027286318955914754
11:35:12,22.1,3159289856,1077786923,4315028,0.02732887880443527
11:35:13,21.3,3219111936,1082162703,4333404,0.027349509856186446
11:35:14,9.5,3213848576,1092037167,4364536,0.027392067881048345
11:35:15,7.8,3162402816,1103728449,4412310,0.027434607774848192
11:35:16,6.4,3162972160,1113729855,4447026,0.02745528794187256
11:35:17,7.5,3174719488,1129198203,4504502,0.027476471935540113
11:35:18,4.8,3175432192,1129210051,4504744,0.02749766152365675
11:35:19,7.7,3186397184,1139648233,4550828,0.027518850840136843
11:35:20,8.5,3197063168,1155732353,4603230,0.027540039884985615
11:35:21,7.4,3167887360,1170842299,4655334,0.02756088712727105
11:35:22,8.6,3165601792,1173645719,4668238,0.027582075368501654
11:35:23,11.0,3133882368,1177808977,4675830,0.02760325744075501
11:35:24,10.4,3156828160,1189225659,4706028,0.027623990698854916
11:35:25,13.8,3161214976,1197344519,4752916,0.027645177775157116
11:35:26,11.8,3193384960,1215416105,4806700,0.02766636457987504
11:35:27,13.6,3206418432,1219577709,4827548,0.027687202124907308
11:35:28,16.2,3224887296,1228549467,4860750,0.02770838812166824
11:35:29,15.5,3203862528,1238570257,4910840,0.02772912955741489
11:35:30,7.4,3217956864,1246033999,4943082,0.027750314674468944
11:35:31,5.9,3223646208,1253459995,4974640,0.027771499519980314
11:35:32,7.8,3233255424,1265306625,5046602,0.027792684093954224
11:35:33,7.7,3241328640,1274606427,5082660,0.02781386245468231
11:35:34,7.4,3257147392,1285270985,5132968,0.027834665929535783
11:35:35,5.7,3253121024,1288635647,5152265,0.027855849397264786
11:35:36,6.6,3256832000,1296999575,5181688,0.027877032593484723
11:35:37,5.7,3256803328,1303329855,5214507,0.02789821551820081
11:35:38,7.9,3282620416,1326949879,5321548,0.02791862287494315
11:35:39,5.8,3298402304,1332305685,5341394,0.027939804673423625
11:35:40,8.0,3236831232,1351537507,5410052,0.02796077716008218
11:35:41,6.2,3240554496,1354618987,5429586,0.027977051983284672
11:35:42,6.5,3240333312,1358970973,5453300,0.0279974279098265
11:35:43,7.5,3247144960,1370981987,5511741,0.02801860418233192
11:35:44,9.5,3266269184,1374370567,5526414,0.02803940893011396
11:35:45,7.0,3285319680,1386300031,5585727,0.028060578389596146
11:35:46,5.4,3290120192,1393552805,5631710,0.028081555671203635
11:35:47,4.7,3166986240,1393555833,5631710,0.028102730427975113
11:35:48,5.1,3167760384,1393557347,5631710,0.028123904913440516
11:35:49,4.2,3160735744,1393557347,5631710,0.028144688469475612
11:35:50,5.0,3160174592,1393558861,5631710,0.028165862120951346
11:35:51,3.9,3160436736,1393558861,5631710,0.02818703550114414
11:35:52,5.2,3162079232,1393558861,5631710,0.02820820258657046
11:35:53,7.1,3185352704,1406861649,5668440,0.028226373809853735
11:35:54,5.7,3195179008,1410692053,5691417,0.028246802325333137
11:35:55,6.5,3217674240,1416020347,5715236,0.02826392270372172
11:35:56,8.6,3228831744,1435793985,5811613,0.02828463004664509
11:35:57,6.9,3245846528,1445047817,5854168,0.028305795665029297
11:35:58,8.1,3262611456,1464635917,5930958,0.028326961012324896
11:35:59,6.7,3248975872,1478477571,6003396,0.028346819062125852
11:36:00,25.9,3494068224,1493993367,6061262,0.02835763825468872
11:36:01,4.7,3500609536,1498549741,6090980,0.028378794170099503
11:36:02,12.9,3354812416,1509473427,6135514,0.02839989527671975
11:36:03,6.1,3368624128,1514969193,6168518,0.028420959646931452
11:36:04,15.7,3363586048,1525941195,6219226,0.028441714115752866
11:36:05,6.2,3369533440,1530683895,6237578,0.02846286247209989
11:36:06,12.0,3354660864,1534513847,6270632,0.028484010548685258
11:36:07,4.5,3363074048,1540619877,6282650,0.02850512793596417
11:36:08,7.1,3396579328,1551345581,6325806,0.02852627543068382
11:36:09,16.0,2923483136,1551345877,6326272,0.02854656995253759
11:36:10,18.2,2929881088,1551345877,6326326,0.02858898428032566
11:36:11,7.0,2933211136,1553831621,6336634,0.02861011180771957
11:36:12,6.8,2939662336,1559168959,6354976,0.028627672164943174
11:36:13,7.0,2933907456,1563897823,6374988,0.028669515308673246
11:36:14,6.5,2940735488,1569397361,6399144,0.028689280111839133
11:36:15,7.8,2954096640,1577263997,6431148,0.028708736590036626
11:36:16,5.2,2949599232,1580600749,6456767,0.02872985717347155
11:36:17,7.6,2974216192,1592448911,6504899,0.02874920535799452
11:36:18,17.1,2988818432,1610687905,6557533,0.02877033631168874
11:36:19,38.8,3069652992,1610713161,6557881,0.02881150976096523
11:36:20,9.7,2858467328,1610713161,6557881,0.028832263985820585
11:36:21,29.1,2790412288,1610713161,6557881,0.02885338657028399
11:36:22,20.2,2851659776,1610713161,6557881,0.028874502699867296
11:36:23,23.9,2781773824,1610713161,6557881,0.0288951378919163
11:36:24,23.2,2872774656,1610713161,6557881,0.028916259227653323
11:36:25,30.9,2944241664,1610713161,6557881,0.0289369359783086
11:36:26,12.3,2871721984,1610713161,6557881,0.02895762415274827
11:36:27,31.4,2879533056,1610713161,6557881,0.028977452546089796
11:36:28,27.1,2432942080,1610713161,6557935,0.02901910159441413
11:36:29,22.1,2422874112,1610713161,6557989,0.029039209916016027
11:36:30,18.4,2423463936,1610713161,6557989,0.029060326455349623
11:36:31,10.1,2415616000,1610713161,6557989,0.029081293889447697
11:36:32,9.6,2414297088,1610713161,6557989,0.029102105697248876
11:36:33,8.5,2410446848,1610713161,6557989,0.02912322101971675
11:36:34,17.0,2419318784,1610713161,6557989,0.029144336045067762
11:36:35,8.9,2424553472,1610713161,6557989,0.029165450773308177
11:36:36,10.4,2429526016,1610713161,6557989,0.029186565204444268
11:36:37,6.9,2433437696,1610713161,6557989,0.029202505681565967
11:36:38,11.2,2434732032,1610713161,6557989,0.029223615814963994
11:36:39,6.8,2435231744,1610713161,6557989,0.0292438654358026
11:36:40,7.1,2437402624,1610713161,6557989,0.029264974360376204
11:36:41,25.4,2436149248,1610713161,6557989,0.029285820819053433
11:36:42,16.2,2438119424,1610713161,6557989,0.029306922716099523
11:36:43,16.2,2436935680,1610713161,6557989,0.029328024307305262
11:36:44,25.8,2438049792,1610713161,6557989,0.029348812825068873
11:36:45,15.3,2435375104,1610713161,6557989,0.029369907322277025
11:36:46,11.5,2433368064,1610713161,6557989,0.029391014033143537
11:36:47,12.0,2423721984,1610713161,6557989,0.029411838360848413
11:36:48,13.1,2427305984,1610713161,6557989,0.029432944277479563
11:36:49,10.2,2427686912,1610713161,6557989,0.02945404989722785
11:36:50,13.8,2425954304,1610713161,6557989,0.02947491651038088
11:36:51,15.6,2429108224,1610713161,6557989,0.02949572591693426
11:36:52,15.3,2433191936,1610713161,6557989,0.029516830267516787
11:36:53,15.9,2434277376,1610713161,6557989,0.029537525150717833
11:36:54,20.4,2439053312,1610713161,6557989,0.029558628618154892
11:36:55,15.9,2441744384,1610713161,6557989,0.029579019482142335
11:36:56,11.1,2439741440,1610713161,6557989,0.029599724460448326
11:36:57,9.8,2439340032,1610713161,6557989,0.029620415967599102
11:36:58,8.2,2430803968,1610713161,6557989,0.02964139084608431
11:36:59,9.4,2445246464,1610713161,6557989,0.02966230836366821
11:37:00,12.6,2443976704,1610713161,6557989,0.029683408759130697
11:37:01,10.7,2448785408,1610713161,6557989,0.029704508857840855
11:37:02,12.4,2451775488,1610713161,6557989,0.029725114605498988
11:37:03,11.7,2453721088,1610713161,6557989,0.02974144806870999
11:37:04,11.2,2453659648,1610713161,6557989,0.02976215045917491
11:37:05,12.3,2453499904,1610713161,6557989,0.029783245401212854
11:37:06,12.5,2459566080,1610713161,6557989,0.029803552726218204
11:37:07,13.1,2461184000,1610713161,6557989,0.029824335198259666
11:37:08,8.9,2461544448,1610713161,6557989,0.029845415764908872
11:37:09,8.7,2457251840,1610713161,6557989,0.029866196987700058
11:37:10,9.6,2445979648,1610713161,6557989,0.0298872767168262
11:37:11,9.8,2437455872,1610713161,6557989,0.029908349760469584
11:37:12,10.3,2436624384,1610713161,6557989,0.029929435232089727
11:37:13,14.0,2429325312,1610713161,6557989,0.029950507638204893
11:37:14,10.6,2428731392,1610713161,6557989,0.029971094508904606
11:37:15,8.3,2423087104,1610713161,6557989,0.029991750670993533
11:37:16,15.7,2422272000,1610713161,6557989,0.030011223324237134
11:37:17,9.5,2428358656,1610713161,6557989,0.03002238743880344
11:37:18,8.7,2424197120,1610713161,6557989,0.030038230620484784
11:37:19,8.1,2424164352,1610713161,6557989,0.03005929525960975
11:37:20,10.8,2428203008,1610713161,6557989,0.03008026353120899
11:37:21,10.4,2429169664,1610713161,6557989,0.030100782806620194
11:37:22,9.3,2433183744,1610713161,6557989,0.030121846060443047
11:37:23,9.5,2428760064,1610713161,6557989,0.030164189944351116
11:37:24,8.6,2424524800,1610713161,6557989,0.03018449420616829
11:37:25,12.4,2424455168,1610713161,6557989,0.03020464284100741
11:37:26,12.7,2427510784,1610713161,6557989,0.03022208818560576
11:37:27,9.4,2427539456,1610713161,6557989,0.030243139625243654
11:37:28,12.7,2429124608,1610713161,6557989,0.03026419074229685
11:37:29,8.5,2430275584,1610713161,6557989,0.030285241536772756
11:37:30,11.0,2430697472,1610713161,6557989,0.030306292008678796
11:37:31,11.9,2410139648,1610713161,6557989,0.0303262836783356
11:37:32,11.9,2407055360,1610713161,6557989,0.030347326320213773
11:37:33,9.1,2404585472,1610713161,6557989,0.030356688429916227
11:37:34,7.9,2395901952,1610713161,6557989,0.03037456270759873
11:37:35,8.2,2382434304,1610713161,6557989,0.030416858256536526
11:37:36,11.4,2392190976,1610713161,6557989,0.030437474891343158
11:37:38,11.2,2386284544,1610713161,6557989,0.030458427516679418
11:37:39,8.9,2398330880,1610713161,6557989,0.030479463982573743
