timestamp,CPU_use,RAM_filled,Net_bytes_sent,Net_bytes_received,Disk_IO_percentage
11:25:27,3.6,2257727488,4541316760,3598291,8.897272591134346e-05
11:25:28,5.6,2263449600,4541316760,3598291,0.00013345902949594694
11:25:29,3.7,2263814144,4541316830,3598291,0.0001334589701249315
11:25:30,6.5,2260729856,4541316830,3598291,0.0001557020279132586
11:25:31,5.6,2263281664,4541316830,3598291,0.00017793215369134432
11:25:32,6.8,2263924736,4541316830,3598291,0.00020017353933785375
11:25:33,12.5,2295615488,4541316830,3598291,0.00022241449955708934
11:25:34,7.4,2300551168,4541316830,3598291,0.00024465567743794795
11:25:35,18.5,2422898688,4541397127,3601837,0.00028905180169601146
11:25:36,22.4,2607153152,4603993737,3692419,0.01716161646643762
11:25:37,15.2,2604761088,4603993737,3692634,0.017183835079643352
11:25:38,13.0,2601652224,4603993737,3692985,0.017204252317697857
11:25:39,9.6,2599374848,4603993737,3693121,0.017226468546718988
11:25:40,8.0,2604285952,4603993737,3693121,0.0172484853812696
11:25:41,10.0,2605973504,4603993737,3693203,0.017270513193744095
11:25:42,12.6,2588364800,4603993737,3693203,0.01729271730435877
11:25:43,15.9,2654158848,4603993737,3693418,0.017312266223985278
11:25:44,15.0,2709786624,4603993737,3693707,0.017332486930221574
11:25:45,13.8,2712633344,4603993737,3693922,0.01735363219465398
11:25:46,13.5,2724208640,4603993737,3694137,0.01735362062685566
11:25:47,14.4,2753052672,4603993737,3694327,0.017373848392399697
11:25:48,12.5,2761707520,4603993737,3694409,0.017396053995085446
11:25:49,13.7,2765037568,4603993737,3694409,0.017417949986156173
11:25:50,14.0,2766761984,4603993737,3694491,0.01744012026351466
11:25:51,14.7,2764361728,4603993737,3694491,0.01746232145901028
11:25:52,15.4,2777509888,4603993737,3694491,0.01748436335284106
11:25:53,17.4,2828877824,4603993737,3694491,0.017506264793474117
11:25:54,49.5,3111444480,4603993737,3694780,0.017520260299106815
11:25:55,31.2,3095306240,4603993737,3694995,0.01754245426596126
11:25:56,20.3,3101270016,4603993737,3695210,0.017564199675639637
11:25:57,12.6,3101151232,4603993737,3695561,0.017584897503860435
11:25:58,13.0,3094822912,4603993737,3695697,0.0176070889292875
11:25:59,11.7,3078139904,4603993737,3695697,0.01762907287229274
11:26:00,14.7,3072385024,4603993737,3695779,0.017651260058512263
11:26:01,17.4,3072761856,4603993737,3695779,0.01767205037022779
11:26:02,15.4,3073957888,4603993737,3695779,0.017694239653601403
11:26:03,14.2,3076214784,4603993737,3695779,0.017716027726915426
11:26:04,17.4,3072499712,4603993737,3695779,0.01773725957230672
11:26:05,19.2,3073695744,4603993737,3695779,0.017759447068495245
11:26:06,19.7,3080392704,4603993737,3695779,0.01778160295600835
11:26:07,17.9,3077591040,4603993737,3695779,0.017797279335233892
11:26:08,17.1,3069276160,4603993737,3695779,0.017841641781663243
11:26:09,14.5,3067863040,4603993737,3695779,0.017863813057526413
11:26:10,15.2,3066826752,4603993737,3695779,0.017885468317729133
11:26:11,10.3,3063787520,4603993737,3695779,0.017907424274978153
11:26:12,9.0,3062972416,4603993737,3695779,0.017929121058679096
11:26:13,10.1,3067228160,4603993737,3695779,0.017951298615026246
11:26:14,10.3,3055837184,4603993737,3695779,0.017972877928712355
11:26:15,9.6,3055177728,4603993737,3695779,0.017994922924427927
11:26:16,7.8,3053629440,4603993737,3695779,0.018017095494433644
11:26:17,6.8,3055828992,4603993737,3695779,0.0180361505020256
11:26:18,7.0,3057750016,4603993737,3695779,0.01805793858537237
11:26:19,6.3,3057704960,4603993737,3695779,0.018080078664980303
11:26:20,6.0,3057766400,4603993737,3695779,0.018102250763092506
11:26:21,5.5,3057770496,4603993737,3695779,0.018124422831692605
11:26:22,5.1,3058024448,4603993737,3695779,0.018146441897028593
11:26:23,6.0,3043028992,4603993737,3695779,0.01816842428794446
11:26:24,4.8,3045076992,4603993737,3695779,0.018190442508579596
11:26:25,4.7,3044773888,4603993737,3695779,0.018212613854486207
11:26:26,4.7,3044773888,4603993737,3695982,0.01823478517088262
11:26:27,4.6,3044483072,4603993737,3695982,0.018251680809593995
11:26:28,4.7,3043807232,4603993737,3695982,0.01827384566373452
11:26:29,5.5,3043938304,4603993737,3695982,0.018295746754486992
11:26:30,5.5,3045195776,4603993737,3695982,0.018340079743864264
11:26:31,5.4,3046309888,4603993737,3695982,0.018362236021373598
11:26:32,5.8,3046371328,4603993737,3695982,0.0183830469279384
11:26:33,6.7,3055058944,4603993737,3695982,0.018405201487339855
11:26:34,6.0,3054252032,4603993737,3695982,0.018449248628294484
11:26:35,6.3,3055104000,4603993737,3695982,0.018471402726194994
11:26:36,5.6,3053490176,4603993737,3695982,0.018493552674111725
11:26:37,6.1,3053658112,4603993737,3695982,0.018513670433274763
11:26:38,6.4,3052879872,4603993737,3695982,0.01853581783503754
11:26:39,6.4,3052662784,4603993737,3695982,0.018557837623909456
11:26:40,5.9,3052658688,4603993737,3695982,0.018579984755765493
11:26:41,5.5,3052654592,4603993737,3695982,0.01860213182869654
11:26:42,5.7,3052843008,4603993737,3695982,0.018623795723566337
11:26:43,6.9,3053350912,4603993737,3695982,0.018645425366502606
11:26:44,5.2,3053576192,4603993737,3695982,0.018667426222512728
11:26:45,5.2,3054125056,4603993737,3695982,0.018689468113367476
11:26:46,4.9,3053850624,4603993737,3695982,0.018711613410529085
11:26:47,5.3,3053035520,4603993737,3695982,0.018733667276656304
11:26:48,5.2,3052032000,4603993737,3695982,0.018755812348097457
11:26:49,6.1,3051966464,4603993737,3695982,0.018777957360623963
11:26:50,4.7,3052212224,4603993737,3695982,0.01879999811556623
11:26:51,4.5,3051245568,4603993737,3696122,0.01882213871483922
11:26:52,4.9,3051499520,4603993737,3696122,0.018844283423121725
11:26:53,7.1,3051675648,4603993737,3696122,0.01886599727108116
11:26:54,4.7,3051933696,4603993737,3696122,0.01888814135645564
11:26:55,5.7,3051913216,4603993737,3696122,0.018910285382920253
11:26:56,5.7,3052396544,4603993737,3696122,0.018932429350475236
11:26:57,5.2,3052187648,4603993737,3696122,0.01895457325912082
11:26:58,7.1,3054456832,4603993737,3696122,0.018974525535726944
11:26:59,6.0,3054456832,4603993737,3696122,0.01899666677214213
11:27:00,5.6,3054444544,4603993737,3696122,0.019018807949662226
11:27:01,9.7,3038007296,4603993737,3696122,0.01904094906828746
11:27:02,9.9,3037147136,4603993737,3696122,0.01906309012801807
11:27:03,7.9,3034021888,4603993737,3696122,0.0190848969252092
11:27:04,5.9,3033817088,4603993737,3696122,0.019106906187916755
11:27:05,5.9,3034062848,4603993737,3696122,0.019129042291641533
11:27:06,5.8,3036057600,4603993737,3696122,0.019151182571670228
11:27:07,5.4,3036053504,4603993737,3696122,0.019173322792808364
11:27:08,6.4,3036864512,4603993737,3696122,0.01919396538182166
11:27:09,4.9,3036946432,4603993737,3696122,0.01921592914087343
11:27:10,5.1,3037134848,4603993737,3696122,0.019238067259097925
11:27:11,5.3,3037134848,4603993737,3696122,0.01926020531844306
11:27:12,4.9,3037458432,4603993737,3696122,0.019282339045246063
11:27:13,5.3,3036909568,4603993737,3696122,0.019303916506460968
11:27:14,4.9,3035873280,4603993737,3696122,0.01932605374227588
11:27:15,4.8,3035869184,4603993737,3696122,0.01934819091921582
11:27:16,4.4,3035869184,4603993737,3696122,0.01937032803728101
11:27:17,5.4,3035611136,4603993737,3696122,0.019392460798556048
11:27:18,6.2,3035017216,4603993737,3696122,0.01941299297658524
11:27:19,5.4,3034501120,4603993737,3696122,0.01943512808541661
11:27:20,5.2,3034562560,4603993737,3696122,0.019457263135383936
11:27:21,5.5,3034816512,4603993737,3696122,0.019479398126487444
11:27:22,5.8,3034816512,4603993737,3696122,0.01950153305872737
11:27:23,5.3,3034791936,4603993737,3696122,0.0195231963439103
11:27:24,6.4,3035820032,4603993737,3696122,0.019545330624391875
11:27:25,6.6,3037097984,4603993737,3696122,0.019567464846013415
11:27:26,6.3,3040440320,4603993737,3696122,0.01958936893368738
11:27:27,6.8,3040956416,4603993737,3696122,0.019611502777936128
11:27:28,6.3,3041984512,4603993737,3696122,0.019633636563326926
11:27:29,6.3,3034173440,4603993737,3696122,0.01965577028986001
11:27:30,5.3,3034431488,4603993737,3696122,0.019677903957535617
11:27:31,6.1,3032399872,4603993737,3696122,0.019699915333575353
11:27:32,5.8,3033161728,4603993737,3696122,0.019722048746367418
11:27:33,7.0,3034664960,4603993737,3696122,0.019742384045760675
11:27:34,5.7,3034333184,4603993737,3696122,0.019786668471766248
11:27:35,5.8,3033186304,4603993737,3696337,0.01980835197890477
11:27:36,5.1,3037896704,4603993737,3696552,0.01983047382147577
11:27:37,5.2,3037958144,4603993737,3696767,0.01985259558562249
11:27:38,5.7,3039506432,4603993737,3696982,0.01987471727134534
11:27:39,4.7,3039727616,4603993737,3696982,0.019896838878644737
11:27:40,4.9,3039981568,4603993737,3697052,0.019918955994118477
11:27:41,4.7,3040038912,4603993737,3697052,0.01994094047346772
11:27:42,5.5,3035639808,4603993737,3697267,0.019962575156685997
11:27:43,5.5,3036778496,4603993737,3697482,0.01998415557775894
11:27:44,5.2,3037327360,4603993737,3697697,0.020006107069118054
11:27:45,5.3,3038355456,4603993737,3697912,0.020028222290890765
11:27:46,5.6,3038351360,4603993737,3697912,0.02005033742446991
11:27:47,5.7,3038310400,4603993737,3697912,0.020072452469856013
11:27:48,5.8,3036446720,4603993737,3697912,0.0200945674270496
11:27:49,6.1,3036794880,4603993737,3697912,0.020114645727202316
11:27:50,5.6,3035955200,4603993737,3697912,0.02013675827322535
11:27:51,6.0,3035951104,4603993737,3697912,0.020158870731075293
11:27:52,6.0,3036016640,4603993737,3697912,0.02018098310075267
11:27:53,6.6,3035742208,4603993737,3697912,0.020203095382258014
11:27:54,6.5,3035705344,4603993737,3698127,0.020225001480046998
11:27:55,6.4,3035705344,4603993737,3698342,0.0202471133602981
11:27:56,6.0,3035185152,4603993737,3698557,0.020269225152380544
11:27:57,6.1,3035181056,4603993737,3698772,0.020291336856294858
11:27:58,8.5,3035439104,4603993737,3698772,0.02031323698132229
11:27:59,5.7,3035164672,4603993737,3698772,0.020335204131502093
11:28:00,5.2,3035410432,4603993737,3698772,0.02035731518467978
11:28:01,5.5,3034636288,4603993737,3698772,0.020379426149694527
11:28:02,5.5,3034312704,4603993737,3698772,0.020401537026546863
11:28:03,6.3,3034439680,4603993737,3698772,0.020423647815237315
11:28:04,5.4,3035111424,4603993737,3698772,0.020445636232812887
11:28:05,4.7,3034816512,4603993737,3698772,0.02046774671318501
11:28:06,5.1,3035590656,4603993737,3698772,0.020489857105397885
11:28:07,5.1,3035971584,4603993737,3698772,0.02051196740945204
11:28:08,5.2,3036033024,4603993737,3698772,0.020534077625348
11:28:09,4.7,3036188672,4603993737,3698772,0.02055418444600853
11:28:10,5.2,3036250112,4603993737,3698772,0.020576292334849366
11:28:11,5.2,3036696576,4603993737,3698772,0.02059840013555076
11:28:12,5.1,3036696576,4603993737,3698772,0.020620507848113236
11:28:13,6.4,3036426240,4603993737,3698772,0.020641984545199995
11:28:14,5.7,3035639808,4603993737,3698772,0.020664091407043565
11:28:15,5.4,3035545600,4603993737,3698772,0.02068619818075518
11:28:16,6.3,3034603520,4603993737,3698772,0.02070830486633537
11:28:17,5.3,3033706496,4603993737,3698772,0.02073040228109728
11:28:18,6.3,3033403392,4603993737,3698772,0.020752357106206723
11:28:19,6.1,3033399296,4603993737,3698772,0.020774463356354855
11:28:21,5.9,3032596480,4603993737,3698772,0.020796569518375035
11:28:22,6.0,3032535040,4603993737,3698772,0.02081867559226779
11:28:23,6.0,3032637440,4603993737,3698772,0.02084078157803364
11:28:24,6.5,3032666112,4603993737,3698772,0.02086259176176781
11:28:25,5.9,3033743360,4603993737,3698772,0.020883217251176218
11:28:26,13.3,3017666560,4603993737,3698772,0.020904213527683468
11:28:27,8.9,3022069760,4603993737,3698772,0.020926297579923512
11:28:28,7.5,3023429632,4603993737,3698772,0.02094840006040934
11:28:29,8.5,3025776640,4603993737,3698772,0.020970070594070807
11:28:30,8.9,3019743232,4603993737,3698842,0.020992172444053533
11:28:31,8.2,3020038144,4603993737,3698842,0.02101427420594166
11:28:32,8.8,3020550144,4603993737,3698842,0.021036375879735704
11:28:33,7.9,3021242368,4603993737,3698842,0.021058477465436196
11:28:34,9.5,3026436096,4603993737,3698842,0.021080326895640645
11:28:35,8.5,3026370560,4603993737,3698842,0.021102428041384673
11:28:36,8.6,3026956288,4603993737,3698842,0.02112250388020839
11:28:37,7.4,3040067584,4603993737,3698842,0.021143114086251063
11:28:38,7.0,3033837568,4603993737,3698842,0.021133787930838574
11:28:39,5.0,3033833472,4603993737,3698842,0.02115584763545269
11:28:40,5.8,3034124288,4603993737,3698842,0.021200013617526995
11:28:41,5.4,3034128384,4603993737,3698842,0.021222073078208645
11:28:42,5.3,3034124288,4603993737,3698842,0.0212441230487903
11:28:43,5.2,3033808896,4603993737,3698842,0.02126581092041392
11:28:44,5.9,3033309184,4603993737,3698842,0.021287309712893214
11:28:45,5.7,3032510464,4603993737,3698842,0.021309363099831495
11:28:46,5.9,3029618688,4603993737,3698842,0.021331411664192737
11:28:47,5.9,3029753856,4603993737,3698842,0.021353464831771835
11:28:48,6.1,3029749760,4603993737,3698842,0.02137551316705085
11:28:49,6.4,3029934080,4603993737,3698842,0.021397414759043668
11:28:50,6.5,3029995520,4603993737,3698842,0.02141946270968803
11:28:51,6.2,3029925888,4603993737,3698842,0.021441510543365457
11:28:52,6.3,3029925888,4603993737,3698842,0.021463558260076877
11:28:53,5.8,3030245376,4603993737,3698842,0.02148560585982322
11:28:54,6.4,3030233088,4603993737,3698842,0.02150734908107475
11:28:55,6.5,3030233088,4603993737,3698842,0.021529396135804957
11:28:56,6.2,3030220800,4603993737,3698842,0.021550828568574074
11:28:57,5.9,3030216704,4603993737,3698842,0.02157287476238893
11:28:58,5.9,3029958656,4603993737,3698842,0.021594920839253334
11:28:59,5.1,3030183936,4603993737,3698842,0.021616966799168212
11:29:00,5.2,3029397504,4603993737,3698842,0.021639012642134494
11:29:01,7.4,3030142976,4603993737,3698842,0.021661058368153116
11:29:02,4.8,3030130688,4603993737,3698842,0.021682984162138326
11:29:03,6.0,3027787776,4603993737,3698842,0.021704808852909693
11:29:04,5.7,3024375808,4603993737,3698842,0.02172685388303968
11:29:05,5.4,3024371712,4603993737,3698842,0.021748898796229394
11:29:06,5.0,3024535552,4603993737,3698842,0.02176921143959906
11:29:07,4.7,3024400384,4603993737,3698842,0.021791254369577465
11:29:08,4.2,3024396288,4603993737,3698842,0.02181309470794874
11:29:09,5.1,3024748544,4603993737,3698842,0.02183513720002378
11:29:10,6.0,3024744448,4603993737,3698842,0.021857179575183946
11:29:11,5.5,3024740352,4603993737,3698842,0.021878274144498708
11:29:12,4.8,3024740352,4603993737,3698842,0.021900315333601914
11:29:13,5.5,3024736256,4603993737,3698842,0.02192173630758848
11:29:14,5.4,3024723968,4603993737,3698842,0.021943776641081797
11:29:15,6.0,3024723968,4603993737,3698842,0.021965816857681616
11:29:16,6.5,3024719872,4603993737,3698842,0.02198785695738886
11:29:17,6.1,3023945728,4603993737,3698842,0.022009882348781498
11:29:18,6.1,3024134144,4603993737,3698842,0.022031912462814243
11:29:19,5.8,3023577088,4603993737,3698842,0.022053781615852735
11:29:20,6.8,3023384576,4603993737,3698842,0.02207582105370391
11:29:21,9.1,3023605760,4603993737,3698842,0.022097860374669223
11:29:22,9.7,3020374016,4603993737,3698842,0.022118130260099046
11:29:23,8.5,3020075008,4603993737,3698842,0.022140167589136825
11:29:24,7.0,3016347648,4603993737,3698842,0.02216181305284388
11:29:25,8.8,3018174464,4603993737,3698842,0.022183849759656548
11:29:26,8.9,3040432128,4614346807,3706441,0.0222058863496108
11:29:27,7.6,3030437888,4614346807,3706441,0.02222792282270757
11:29:28,7.7,3031560192,4614346807,3706441,0.022249959178947783
11:29:29,7.5,3034836992,4614346807,3706441,0.022271793657134574
11:29:30,7.2,3028557824,4614346807,3706441,0.022293829580575512
11:29:31,8.0,3029209088,4614346891,3706525,0.022315865387164797
11:29:32,7.3,3035160576,4614346891,3706525,0.022337901076903362
11:29:33,5.8,3034984448,4614346891,3706525,0.02235993664979213
11:29:34,9.1,3035226112,4614346891,3706525,0.022381833640006434
11:29:35,7.6,3032748032,4614346891,3706525,0.022403774793013646
11:29:36,6.3,3032928256,4614346891,3706740,0.02242580978715366
11:29:37,21.7,3050106880,4614346891,3706955,0.022444497364759754
11:29:38,6.8,3055706112,4614346891,3707170,0.022465863815777268
11:29:39,6.5,3067285504,4614346891,3707385,0.022487849823576413
11:29:40,9.5,3078037504,4614346891,3707385,0.02250927872672145
11:29:41,17.1,3061641216,4614346891,3707385,0.02252993499451109
11:29:42,24.6,3099881472,4614346891,3707385,0.022551251086424744
11:29:43,22.1,3141054464,4614346891,3707600,0.022592870944353294
11:29:44,26.3,3238719488,4614346891,3707815,0.022630713344371233
11:29:45,19.2,3285987328,4614346891,3708104,0.02265242698897582
11:29:46,23.2,3331059712,4614346891,3708319,0.02267375948373594
11:29:47,30.7,3418636288,4614346891,3708393,0.022691809250179183
11:29:48,30.0,3443232768,4614346891,3708393,0.02271358217030154
11:29:49,18.9,3446820864,4614346891,3708393,0.02273478242923578
11:29:50,12.9,3434545152,4614346891,3708393,0.02275678471132544
11:29:51,24.4,3439509504,4614346891,3708393,0.022778098064126527
11:29:52,24.5,3473076224,4614346891,3708393,0.022798519354243527
11:29:53,25.2,3523002368,4614346891,3708393,0.02281952185818881
11:29:54,25.5,3546230784,4614346891,3708608,0.02284089035776779
11:29:55,13.8,3544096768,4614346891,3708823,0.022862681351157984
11:29:56,14.5,3547922432,4614346891,3709038,0.02288467382277994
11:29:57,12.0,3542040576,4614346891,3709253,0.022906448783232832
11:29:58,11.2,3529527296,4614346891,3709253,0.022928430636090718
11:29:59,7.2,3524395008,4614346891,3709253,0.022950422453280994
11:30:00,10.4,3526004736,4614346891,3709253,0.022972373569191865
11:30:01,7.8,3524202496,4614346891,3709253,0.022993674974032815
11:30:02,14.7,3463233536,4614346891,3709253,0.02301556408212695
11:30:03,11.9,3456847872,4614346891,3709253,0.02303553650735372
11:30:04,7.1,3453153280,4614346891,3709253,0.023055896981398413
11:30:05,9.2,3452497920,4614346891,3709253,0.023077511979457045
11:30:06,5.5,3444908032,4614346891,3709253,0.023099498165057054
11:30:07,7.6,3446398976,4614346891,3709253,0.023121458699294398
11:30:08,8.1,3446464512,4614346891,3709323,0.023131217065854727
11:30:09,8.3,3447156736,4614346891,3709323,0.023153048264182897
11:30:10,9.8,3439296512,4614346891,3709323,0.023175022133138407
11:30:11,8.1,3437367296,4614346891,3709323,0.02319664292538773
11:30:12,6.6,3433459712,4614346891,3709323,0.023218534255606736
11:30:13,6.1,3431636992,4614346891,3709323,0.023233524697633533
11:30:14,6.3,3429732352,4614346891,3709323,0.023255490996157223
11:30:15,6.5,3428671488,4614346891,3709323,0.023277400707888682
11:30:16,5.2,3423936512,4614346891,3709323,0.0232993666628165
11:30:17,5.8,3427471360,4614346891,3709323,0.023321317050439733
11:30:18,12.3,3518054400,4614346891,3709323,0.023319560332701203
11:30:19,34.8,3701338112,4614346891,3709323,0.023298014130025777
11:30:20,50.9,3925192704,4614346891,3709323,0.0232769414142859
11:30:21,83.6,4173365248,4614346891,3709323,0.023271779986575997
11:30:22,88.0,4341329920,4614346891,3709323,0.02322268437207193
11:30:23,90.3,4465610752,4614346891,3709323,0.023208080160055124
11:30:24,90.3,4591607808,4614346891,3709323,0.023187407106265972
11:30:25,80.6,4637511680,4614346891,3709323,0.023176632220297474
11:30:26,35.5,4656431104,4614346891,3709323,0.023196448968680238
11:30:27,30.3,4677861376,4614346891,3709323,0.023206168589995364
11:30:28,20.0,4658540544,4614346891,3709323,0.023238476847908723
11:30:29,13.3,4645928960,4614346891,3709323,0.023254145707052813
11:30:30,23.7,4676366336,4614346891,3709323,0.02329061509539511
11:30:31,89.5,4705914880,4614346891,3709323,0.02333102478222752
11:30:32,79.7,4781789184,4614346891,3709323,0.023366525059894318
11:30:33,63.2,4792303616,4614346891,3709323,0.023383729600943665
11:30:34,47.4,4847812608,4614346891,3709323,0.02337614707467306
11:30:35,85.5,4917014528,4614346891,3709323,0.023365515263598428
11:30:36,80.3,4959092736,4614346891,3709323,0.023381237884341242
11:30:37,34.9,4954476544,4614346891,3709323,0.023396028502578634
11:30:38,15.1,4997861376,4614346891,3709323,0.02338654419366475
11:30:39,12.0,4756525056,4614346891,3709323,0.023406245045048932
11:30:40,6.3,4764110848,4614346891,3709323,0.023425427330700598
11:30:41,31.1,4836368384,4614346891,3709323,0.023446132887159393
11:30:42,14.6,4833046528,4614346891,3709323,0.023467611353060937
11:30:43,28.2,4763115520,4614346891,3709323,0.0234873570511785
11:30:44,21.1,4642144256,4614346891,3709323,0.023508225182916637
11:30:45,21.3,4623056896,4614346891,3709323,0.02352937116838964
11:30:46,11.6,4620738560,4614346891,3709323,0.023550668767823402
11:30:47,12.2,4618518528,4614346891,3709323,0.0235714676980316
11:30:48,11.6,4612464640,4614346891,3709323,0.023613641999935306
11:30:49,17.4,4606423040,4614346891,3709323,0.023634544388089568
11:30:50,11.6,4612440064,4614346891,3709323,0.02365526707055286
11:30:51,13.8,4609495040,4614346891,3709323,0.02367624354186253
11:30:52,21.0,4609163264,4614346891,3709323,0.023696697792929673
11:30:53,11.8,4609806336,4614346891,3709323,0.02371773310219324
11:30:54,14.7,4532338688,4614346891,3709323,0.023738460380811476
11:30:55,23.3,4520448000,4614346891,3709323,0.023757250057345088
11:30:56,14.5,4515852288,4614346891,3709323,0.02379967913548528
11:30:57,13.7,4513939456,4614346891,3709323,0.023820682215715788
11:30:58,27.9,4552245248,4614346891,3709323,0.02384183336369251
11:30:59,45.3,4567474176,4614346891,3709323,0.023862942639263012
11:31:00,20.4,4561317888,4614346891,3709323,0.023874010726067273
11:31:01,42.1,4596699136,4614346891,3709323,0.02389513032757444
11:31:02,64.9,4696363008,4614346891,3709323,0.023912931079054858
11:31:03,82.9,4742754304,4614346891,3709323,0.023931648970314415
11:31:04,59.0,4722012160,4614346891,3709323,0.023952792320459066
11:31:05,31.3,4721774592,4614346891,3709323,0.023973335964010273
11:31:06,12.8,4728643584,4614346891,3709323,0.023994596261840064
11:31:07,16.6,4735033344,4614346891,3709323,0.024015897447163946
11:31:08,19.8,4716486656,4614346891,3709323,0.024037172323909943
11:31:09,17.6,4727971840,4614346891,3709323,0.02405824982586307
11:31:10,24.7,4725198848,4614346891,3709323,0.02407967918458194
11:31:11,18.8,4695416832,4614346891,3709323,0.024100412786873526
11:31:12,20.3,4681154560,4614346891,3709323,0.02410018959246558
11:31:13,18.7,4682584064,4614346891,3709323,0.02412085409359968
11:31:14,14.9,4679168000,4614346891,3709323,0.024141974624006513
11:31:15,18.1,4688031744,4614346891,3709323,0.024162891484066706
11:31:16,18.5,4681019392,4614346891,3709323,0.02418358333085683
11:31:17,18.4,4679360512,4614346891,3709323,0.024204622953778
11:31:18,18.7,4660506624,4614346891,3709323,0.024247592468172343
11:31:19,23.2,4664655872,4614346891,3709323,0.024268703428907235
11:31:20,11.3,4666503168,4614346891,3709323,0.024289918262702357
11:31:21,11.5,4667092992,4614346891,3709323,0.024311357646126547
11:31:22,15.9,4657737728,4614346891,3709323,0.024353884552251355
11:31:23,13.8,4635971584,4614346891,3709323,0.024396850846740835
11:31:24,14.8,4635320320,4614346891,3709323,0.024418289169390574
11:31:25,13.4,4638937088,4614346891,3709323,0.02443702793206119
11:31:26,14.5,4638318592,4614346891,3709323,0.024458463564963166
11:31:27,16.6,4638703616,4614346891,3709323,0.024479572259843443
11:31:28,9.8,4640813056,4614346891,3709323,0.024521877217518306
11:31:29,7.5,4633878528,4614346891,3709323,0.024542633757219424
11:31:30,24.9,4635291648,4614346891,3709323,0.024563030733550373
11:31:31,13.6,4632633344,4614346891,3709323,0.0246059800604375
11:31:32,20.2,4630212608,4614346891,3709323,0.024627162996568183
11:31:33,17.2,4627795968,4614346891,3709323,0.024648233913677254
11:31:34,11.3,4625829888,4614346891,3709323,0.02466966516472679
11:31:35,8.7,4625657856,4614346891,3709538,0.024712617604909285
11:31:36,7.1,4625711104,4614346891,3709753,0.024733713003362138
11:31:37,13.6,4611858432,4614346891,3709968,0.024755143378830592
11:31:38,11.3,4611854336,4614346891,3710183,0.024798094378382863
11:31:39,11.5,4616871936,4614346891,3710183,0.02481888323097517
11:31:40,14.3,4615991296,4614346891,3710183,0.024839900758784707
11:31:41,19.4,4617175040,4614346891,3710183,0.024861297369045136
11:31:42,35.4,4588158976,4614346891,3710183,0.024882725894011748
11:31:43,19.4,4584996864,4614346891,3710398,0.02490348956111689
11:31:44,8.5,4584812544,4614346891,3710613,0.02492465430898145
11:31:45,12.0,4580139008,4614346891,3710828,0.024946081541508562
11:31:46,8.4,4580388864,4614346891,3711043,0.024967336643263196
11:31:47,8.8,4581208064,4614346891,3711043,0.02498876339682097
11:31:48,18.7,4537528320,4614346891,3711043,0.02501018998435518
11:31:49,13.9,4532711424,4614346891,3711043,0.02503161640586775
11:31:50,10.8,4532932608,4614346891,3711043,0.02505250345050347
11:31:51,11.1,4533694464,4614346891,3711043,0.025092530049569045
11:31:52,10.4,4533018624,4614346891,3711043,0.025113401695800203
11:31:53,15.4,4533788672,4614346891,3711043,0.025134439933718677
11:31:54,14.4,4533276672,4614346891,3711258,0.02515584005254106
11:31:55,9.5,4542509056,4614346891,3711473,0.02517702325490816
11:31:56,12.5,4575993856,4635054483,3731706,0.025219898090738588
11:31:57,9.1,4578398208,4635054483,3731921,0.025240895350290317
11:31:58,9.2,4577017856,4635054483,3731921,0.025262304870078536
11:31:59,8.0,4577554432,4635054483,3731921,0.025305226815040795
11:32:00,7.2,4566269952,4635054483,3731921,0.02532640698062051
11:32:01,7.7,4566343680,4635054483,3731921,0.025347182979603318
11:32:02,7.9,4572606464,4635054483,3731921,0.02539006427613115
11:32:03,12.0,4548227072,4635054483,3731921,0.025411466456245667
11:32:04,9.9,4539310080,4635054483,3731921,0.0254328684429474
11:32:05,9.5,4539166720,4635054483,3731921,0.025454264759318147
11:32:06,17.4,4524044288,4635054483,3731921,0.02549351327235866
11:32:07,14.9,4525719552,4635054483,3731921,0.025514565702991633
11:32:08,14.1,4534169600,4635054483,3731921,0.0255318096342251
11:32:09,12.8,4541161472,4635054483,3731921,0.025552901442695734
11:32:10,11.1,4545478656,4635054483,3731921,0.025574295101769673
11:32:11,14.3,4545773568,4635054483,3731921,0.025594532491667526
11:32:12,22.3,4585840640,4635054483,3731921,0.025630470328806467
11:32:13,22.1,4601315328,4635054483,3731921,0.025649496088451844
11:32:14,17.0,4644642816,4635054483,3731995,0.02567083050834157
11:32:15,20.1,4640141312,4635054483,3731995,0.025691485250561315
11:32:16,14.7,4646944768,4635054483,3731995,0.025711934110374066
11:32:17,12.7,4669325312,4635054483,3732143,0.025733238755977415
11:32:18,14.9,4629553152,4635054483,3732143,0.025754327151542397
11:32:19,21.2,4625297408,4635054483,3732143,0.025774982681425838
11:32:20,18.8,4625014784,4635054483,3732143,0.025795941846918496
11:32:21,21.4,4635148288,4635054483,3732143,0.025815818002997083
11:32:22,9.7,4633686016,4635054483,3732143,0.025836741243209393
11:32:23,13.3,4628074496,4635054483,3732143,0.025858119315123097
11:32:24,8.6,4631535616,4635054483,3732143,0.025878813000750463
11:32:25,12.4,4621975552,4635054483,3732143,0.02589991177909718
11:32:26,25.9,4590006272,4635054483,3732143,0.02592089291672913
11:32:27,11.9,4596887552,4635054483,3732143,0.02594226910171508
11:32:28,6.3,4595937280,4635054483,3732143,0.02598513259241675
11:32:29,15.3,3683635200,4635054483,3732143,0.026002015048719934
11:32:30,12.1,3571838976,4635054483,3732143,0.02602338688040943
11:32:31,10.7,3372630016,4635054483,3732143,0.026044708148308282
11:32:32,15.6,3345076224,4635054483,3732143,0.026085864394546333
11:32:33,12.9,3352252416,4635054483,3732143,0.0261072229016427
11:32:34,11.6,3352383488,4635054483,3732143,0.02612858681196109
11:32:35,20.9,3232210944,4635054483,3732143,0.02614945044791946
11:32:36,12.0,3231977472,4635054483,3732143,0.02617045366524402
11:32:37,10.7,3225735168,4635054483,3732143,0.026187680597517367
11:32:38,14.7,3230220288,4635054483,3732143,0.026209045278596247
11:32:39,13.5,3235708928,4635054483,3732143,0.026230404131900906
11:32:40,8.8,3236282368,4635054483,3732143,0.026251768422882044
11:32:41,8.0,3233103872,4635054483,3732143,0.02627291240174914
11:32:42,8.2,3236450304,4635054483,3732143,0.026289989538774997
11:32:43,9.8,3240378368,4635054483,3732143,0.026311349610071165
11:32:44,12.3,3222966272,4635054483,3732143,0.026332709488678278
11:32:45,8.7,3218046976,4635054483,3732143,0.02635406917459893
11:32:46,10.6,3218759680,4635054483,3732143,0.02637542866783573
11:32:47,25.0,3242532864,4635054483,3732143,0.026415951368877824
11:32:48,25.6,3259400192,4635054483,3732143,0.026437155220355623
11:32:49,10.8,3260878848,4635054483,3732143,0.02645781883846095
11:32:50,10.2,3252224000,4635054483,3732143,0.02647917492351266
11:32:51,16.4,3262230528,4635054483,3732143,0.026500513742739068
11:32:52,19.6,3261067264,4635054483,3732143,0.026542050736332534
11:32:53,17.7,3264667648,4635054483,3732143,0.026562572304900105
11:32:54,26.1,3268128768,4635054483,3732143,0.026583714597411868
11:32:55,14.2,3266863104,4635054483,3732143,0.026626506450969062
11:32:56,8.0,3272331264,4635054483,3732143,0.026647853554047418
11:32:57,6.9,3268005888,4635054483,3732143,0.02666843311038423
11:32:58,7.4,3259940864,4635054483,3732143,0.02668977346866888
11:32:59,8.0,3253874688,4635054483,3732143,0.02671110788077527
11:33:00,10.8,3254890496,4635054483,3732143,0.02673244781294759
11:33:01,9.7,3257466880,4635054483,3732143,0.02675378753434539
11:33:02,13.1,3248271360,4635054483,3732143,0.026769126374426664
11:33:03,15.0,3240054784,4635054483,3732143,0.026789408523990525
11:33:04,17.3,3238125568,4635054483,3732143,0.02681074202753392
11:33:05,13.1,3236134912,4635054483,3732143,0.026832069560745065
11:33:06,8.4,3237855232,4635054483,3732143,0.026853402638438037
11:33:07,17.5,3225198592,4635054483,3732143,0.026874712430380917
11:33:08,17.6,3227140096,4635054483,3732143,0.026895011683661
11:33:09,25.4,3239182336,4635054483,3732143,0.026915852224244252
11:33:10,22.2,3249565696,4635054483,3732143,0.026937165894628887
11:33:11,16.6,3254272000,4635054483,3732143,0.026958490899738563
11:33:12,11.9,3266306048,4635054483,3732143,0.026979520354781766
11:33:13,10.8,3252391936,4635054483,3732143,0.027000137683531985
11:33:14,14.1,3265646592,4635054483,3732143,0.027012211278831886
11:33:15,20.2,3193143296,4635054483,3732143,0.02702748502173246
11:33:16,26.7,3202150400,4635054483,3732143,0.027044758539205568
11:33:17,23.2,3250225152,4635054483,3732143,0.027055836214000945
11:33:18,29.9,3284054016,4635054483,3732143,0.027068361436136244
11:33:19,13.7,3294793728,4635054483,3732143,0.027083547601906132
11:33:20,11.2,3290415104,4635054483,3732143,0.027104045251971205
11:33:21,14.8,3278585856,4635054483,3732143,0.027124099826971382
11:33:22,16.4,3279400960,4635054483,3732143,0.027144286127770107
11:33:23,13.9,3261890560,4635054483,3732143,0.0271656112498195
11:33:24,10.9,3255918592,4635054483,3732143,0.027186697413985918
11:33:25,6.0,3250094080,4635054483,3732143,0.027207118581904995
11:33:26,9.7,3248857088,4635054483,3732143,0.027228401515021684
11:33:27,12.9,3249045504,4635054483,3732143,0.027249135504038315
11:33:28,13.5,3262726144,4635054483,3732143,0.027270417573716888
11:33:29,10.9,3264245760,4635054483,3732143,0.02729169942456073
11:33:30,11.9,3262332928,4635054483,3732143,0.027312981056573215
11:33:31,8.9,3268382720,4635054483,3732143,0.02733394627637105
11:33:32,18.5,3257856000,4635054483,3732143,0.027355227226184244
11:33:33,7.2,3239641088,4635054483,3732143,0.027370017580631796
11:33:34,15.1,3218997248,4635054483,3732143,0.027390759270133704
11:33:35,9.7,3228712960,4645408345,3742401,0.02741203413997527
11:33:36,6.6,3223126016,4645408345,3742616,0.027433308791122657
11:33:37,8.7,3195936768,4645408345,3742831,0.02745423633643132
11:33:38,6.3,3181297664,4645408345,3743046,0.027475186672799867
11:33:39,8.2,3168514048,4645408345,3743046,0.027495553386557074
11:33:40,7.2,3165601792,4645408429,3743130,0.027516825950187052
11:33:41,6.5,3164889088,4645408429,3743130,0.02753809829516473
11:33:42,6.9,3162726400,4645408429,3743130,0.027557924637748192
11:33:43,7.4,3155136512,4645408429,3743345,0.027578563576511457
11:33:44,6.9,3155320832,4645408429,3743560,0.027599833672996142
11:33:45,7.4,3154141184,4645408429,3743775,0.02762109763672604
11:33:46,8.1,3153518592,4645408429,3743990,0.027642367291478377
11:33:47,8.0,3152605184,4645408429,3743990,0.02766322211019426
11:33:48,7.4,3152097280,4645408429,3743990,0.027677978176138974
11:33:49,9.2,3152277504,4645408429,3743990,0.027699235959173812
11:33:50,8.9,3153506304,4645408429,3743990,0.02771936614050529
11:33:51,7.7,3155083264,4645408429,3743990,0.02774062854784659
11:33:52,7.3,3155079168,4645408429,3743990,0.027761890736732513
11:33:53,7.5,3158028288,4645408429,3743990,0.027782213133666692
11:33:54,8.7,3137277952,4645408429,3744279,0.027803182576158568
11:33:55,7.7,3138531328,4645408429,3744494,0.02782443126327413
11:33:56,7.7,3140702208,4645408429,3744709,0.02784569163368597
11:33:57,7.5,3140689920,4645408429,3744924,0.027866414998552105
11:33:58,7.4,3138519040,4645408429,3744924,0.027887674525369117
11:33:59,7.6,3143192576,4645408429,3744924,0.02792672626222918
11:34:00,7.3,3144925184,4645408429,3744924,0.027947970551484506
11:34:01,7.4,3148881920,4645408429,3744924,0.027969214604338336
11:34:02,7.3,3084636160,4645408429,3744924,0.02799017690305384
11:34:03,6.3,3084398592,4645408429,3744924,0.028011420271023865
11:34:04,7.2,3083321344,4645408429,3744924,0.02802910662250763
11:34:05,6.2,3083804672,4645408429,3744924,0.02805034684221776
11:34:06,7.2,3084304384,4645408429,3744924,0.028071586825610617
11:34:07,6.8,3083489280,4645408429,3744924,0.028092592156753672
11:34:08,6.2,3089969152,4645408429,3744924,0.02813521506216064
11:34:09,6.2,3090558976,4645408429,3744924,0.028154387880605716
11:34:10,7.4,3084845056,4645408429,3744924,0.028175619039958036
11:34:11,6.5,3047849984,4645408429,3744924,0.0281964699217687
11:34:12,6.5,3047583744,4645408429,3744924,0.028217700306629494
11:34:13,5.6,3047854080,4645408429,3744924,0.02823893044623072
11:34:14,6.3,3046846464,4645408429,3744924,0.028259942697136633
11:34:15,5.6,3046531072,4645408429,3744924,0.02828117218399106
11:34:16,6.7,3046756352,4645408429,3744924,0.028302128970427165
11:34:17,7.2,3048112128,4645408429,3744924,0.028323351705005873
11:34:18,5.9,3046387712,4645408429,3744924,0.028342185364309384
11:34:19,6.4,3046100992,4645408429,3744924,0.02836339974917856
11:34:20,6.8,3042680832,4645408429,3744924,0.02838420708706807
11:34:21,6.0,3042390016,4645408429,3744924,0.028405432795697776
11:34:22,6.2,3042131968,4645408429,3744924,0.028426658259163427
11:34:23,6.1,3042111488,4645408429,3744924,0.028447640086446607
11:34:24,6.6,3038396416,4645408429,3744924,0.028465108321392672
11:34:25,5.2,3039166464,4645408429,3744924,0.02848633009026873
11:34:26,6.0,3039342592,4645408429,3744924,0.02850755161406635
11:34:27,6.0,3039596544,4645408429,3744924,0.02852877289278977
11:34:28,6.7,3039813632,4645408429,3744924,0.028549993926443237
11:34:29,11.3,3041259520,4645408429,3744924,0.028592594240078564
11:34:30,6.2,3040833536,4645408429,3744924,0.028613582127503232
11:34:31,6.5,3040284672,4645408429,3744924,0.028634802126887886
11:34:32,6.6,3040710656,4645408429,3744924,0.028656021881225065
11:34:33,7.1,3040440320,4645408429,3744924,0.028677241390519016
11:34:34,6.9,3042594816,4645408429,3744924,0.028698460654773984
11:34:35,11.1,3102208000,4676580747,3793387,0.02871948928493604
11:34:36,19.2,3184443392,4769816741,3890115,0.028740707919561945
11:34:37,20.3,3143147520,4863013709,3974584,0.02876191400807857
11:34:38,19.4,3095576576,4956282445,4073282,0.02878311983357968
11:34:39,21.1,3101614080,5049564045,4181876,0.028804337715142424
11:34:40,18.9,3078078464,5142758571,4266944,0.028825000598738885
11:34:41,21.1,3100241920,5235946365,4342652,0.02884621758515889
11:34:42,19.8,3145220096,5339490727,4429582,0.028867428153782564
11:34:43,20.7,3102371840,5432678785,4505092,0.02888864464572172
11:34:44,19.8,3094441984,5525882833,4580842,0.028909273633117367
11:34:46,16.4,3058118656,5588017531,4633024,0.028930489207516282
11:34:47,17.6,3101446144,5670848691,4698080,0.028951704536950205
11:34:48,20.8,3085524992,5764112065,4798086,0.028994295650299717
11:34:49,20.2,3089387520,5857312759,4879318,0.029015510361872807
11:34:50,21.1,3084259328,5950527133,4960132,0.02903615985453696
11:34:51,21.2,3109740544,6043717955,5036446,0.02905737366670701
11:34:52,20.2,3084156928,6145901249,5119578,0.02907797794307088
11:34:53,20.4,3100278784,6240451819,5198775,0.029099190824411505
11:34:54,15.3,3078545408,6281920447,5232325,0.029120403460838083
11:34:55,16.6,3107676160,6281920447,5232325,0.029141080028717754
11:34:56,17.5,3130667008,6281920447,5232325,0.029180072041643062
11:34:57,19.5,3160596480,6281920447,5232399,0.029201280837439718
11:34:58,20.9,3143430144,6281920447,5232399,0.029243860232304842
11:34:59,17.0,3178487808,6281920447,5232399,0.02926506841057117
11:35:00,21.0,3159212032,6281920447,5232399,0.029285606487809278
11:35:01,22.1,3164356608,6281920447,5232399,0.02930635011533363
11:35:02,23.2,3283632128,6281920447,5232399,0.02932755047619862
11:35:03,20.5,3184988160,6281920447,5232399,0.029348756856771654
11:35:04,20.4,3178012672,6281920447,5232399,0.029391325946384664
11:35:05,19.3,3242024960,6281920447,5232399,0.0294117521324589
11:35:06,19.1,3209867264,6281920447,5232399,0.029432944506395414
11:35:07,13.1,3256532992,6281920447,5232399,0.029454136617604938
11:35:08,19.5,3241684992,6281920447,5232399,0.029475328466092365
11:35:09,23.5,3226087424,6281920447,5232399,0.029496520051862575
11:35:10,19.7,3178135552,6281920447,5232399,0.02951703631001566
11:35:11,22.5,3135737856,6281920447,5232399,0.029530766378944695
11:35:12,20.4,3120549888,6281920447,5232399,0.029551269422534436
11:35:13,21.1,3137802240,6281920447,5232399,0.0295718470887649
11:35:14,17.4,3208212480,6281920447,5232399,0.029593018013494416
11:35:15,9.6,3159269376,6281920447,5232399,0.02961420131289626
11:35:16,7.4,3177541632,6281920447,5232399,0.029635359021584453
11:35:17,6.2,3154755584,6281920447,5232399,0.029655984173789195
11:35:18,6.5,3175174144,6281920447,5232399,0.029677153591341536
11:35:19,5.5,3186163712,6281920447,5232399,0.02969832907372407
11:35:20,7.7,3189301248,6281920447,5232399,0.029719504284650887
11:35:21,8.9,3149160448,6281920447,5232399,0.02974067922412721
11:35:22,7.0,3170652160,6281920447,5232399,0.029761485091696564
11:35:23,9.6,3175108608,6281920447,5232399,0.029782659228265923
11:35:24,10.1,3133820928,6281920447,5232399,0.029825191476233748
11:35:25,12.6,3154874368,6281920447,5232399,0.029845873941454232
11:35:26,14.0,3176751104,6281920447,5232399,0.029867046777179013
11:35:27,12.6,3184943104,6281920447,5232399,0.029887842612628994
11:35:28,10.9,3203932160,6281920447,5232399,0.029909014641103578
11:35:29,22.8,3195531264,6281920447,5232399,0.02993018639819368
11:35:30,9.8,3206967296,6281920447,5232399,0.0299508779965298
11:35:31,5.3,3221196800,6281920447,5232399,0.029972048874734356
11:35:32,6.6,3223302144,6281920447,5232399,0.029993219481578737
11:35:33,8.3,3239895040,6281920447,5232399,0.030014389817068172
11:35:34,6.9,3249537024,6281920447,5232399,0.03003555346488735
11:35:35,7.3,3257143296,6281920447,5232399,0.03005631232759543
11:35:36,5.4,3253329920,6281920447,5232614,0.030077481557782837
11:35:37,7.1,3246043136,6281920447,5232829,0.030098650516643656
11:35:38,5.6,3266809856,6281920447,5233044,0.030119748429607584
11:35:39,7.9,3294277632,6281920447,5233259,0.03014015063239846
11:35:40,7.1,3291049984,6281920447,5233259,0.030161318194857924
11:35:41,6.7,3240034304,6281920447,5233259,0.03018225983743019
11:35:42,6.9,3239677952,6281920447,5233259,0.030198130919362236
11:35:43,7.6,3244662784,6281920447,5233474,0.030218429055991227
11:35:44,7.8,3266629632,6281920447,5233689,0.03023919071725182
11:35:45,7.9,3270062080,6281920447,5233904,0.030260352211707146
11:35:46,6.1,3286519808,6281920447,5234119,0.030281506968376965
11:35:47,5.7,3166732288,6281920447,5234119,0.03030245437067525
11:35:48,5.0,3167760384,6281920447,5234119,0.030323614899486828
11:35:49,4.2,3160006656,6281920447,5234119,0.030344353964219715
11:35:50,4.7,3160760320,6281920447,5234119,0.03036551365978325
11:35:51,4.3,3160174592,6281920447,5234119,0.030386673084240912
11:35:52,4.6,3161776128,6281920447,5234119,0.030407832237597916
11:35:53,4.9,3161747456,6281920447,5234119,0.03044996767093194
11:35:54,7.2,3183898624,6281920447,5234334,0.030467456614299077
11:35:55,6.5,3196096512,6281920447,5234549,0.030484244790193467
11:35:56,7.5,3229999104,6281920447,5234764,0.030504902024616108
11:35:57,8.3,3231178752,6281920447,5234979,0.03052605355977546
11:35:58,7.1,3242500096,6281920447,5234979,0.030547204824024832
11:35:59,8.3,3266539520,6281920447,5234979,0.030567775075821743
11:36:00,8.6,3274698752,6341294791,5299808,0.05228511564400537
11:36:01,22.2,3497095168,6785836542,5577424,0.06706400077839476
11:36:02,6.1,3401453568,6785836542,5577424,0.06708478009784051
11:36:03,12.8,3354296320,7037756348,5733732,0.06710568793785394
11:36:04,12.8,3538288640,7289656156,5863178,0.06714771772439436
11:36:05,7.8,3366608896,7289656156,5863178,0.06716766461572009
11:36:06,12.9,3362975744,7541563620,5995198,0.06718857115790296
11:36:07,5.0,3354574848,7541563620,5995198,0.06720940573230087
11:36:08,5.4,3374424064,7541563620,5995198,0.06725161920221487
11:36:09,7.4,3396575232,7541563620,5995198,0.06727251042105166
11:36:10,21.7,2923094016,7541563620,5995252,0.06729137699620595
11:36:11,12.2,2931347456,7541563620,5995306,0.06731212343613989
11:36:12,7.1,2933444608,7541563620,5995306,0.06732453862105436
11:36:13,5.9,2929557504,7541563620,5995306,0.06734541113658873
11:36:14,7.7,2937921536,7541563620,5995306,0.06736173899085908
11:36:15,7.6,2946068480,7541563620,5995306,0.06738248020319688
11:36:16,5.7,2953617408,7541563620,5995306,0.06739941131093294
11:36:17,6.3,2950762496,7541563620,5995306,0.06744156570649706
11:36:18,7.5,2960039936,7541563620,5995306,0.06745826153363255
11:36:19,27.3,2789699584,7541563620,5995488,0.06747904196182304
11:36:20,30.3,2856599552,7541563620,5995488,0.06749698622757584
11:36:21,12.1,2881556480,7541563620,5995488,0.06753829884844215
11:36:22,29.4,2825416704,7541563620,5995488,0.06755914904261616
11:36:23,19.4,2852642816,7541563620,5995488,0.06757998453166873
11:36:24,28.2,2970992640,7541563620,5995488,0.06759969528957539
11:36:25,18.0,2874593280,7541563620,5995488,0.06761950604174742
11:36:26,30.0,2867019776,7541563620,5995488,0.06764035440176483
11:36:27,27.8,2829062144,7541563620,5995488,0.06766019251595748
11:36:28,25.7,2814795776,7541563620,5995488,0.06767800939656067
11:36:29,21.3,2428452864,7541563620,5995596,0.06771612084491851
11:36:30,20.1,2420604928,7541563620,5995596,0.06773683546489201
11:36:31,15.5,2418147328,7541563620,5995596,0.06775767973228254
11:36:32,10.3,2414026752,7541563620,5995596,0.06779949748419624
11:36:33,11.3,2410446848,7541563620,5995596,0.0678196323977646
11:36:34,8.9,2416103424,7541563620,5995596,0.06784047531825674
11:36:35,17.2,2424999936,7541563620,5995596,0.06786131794546503
11:36:36,4.6,2428989440,7541563620,5995596,0.06788216027939564
11:36:37,11.9,2429947904,7541563620,5995596,0.06790300232005478
11:36:38,8.3,2430660608,7541563620,5995596,0.06791181248282421
11:36:39,9.1,2434990080,7541563620,5995596,0.06793265032989806
11:36:40,6.2,2435231744,7541563620,5995596,0.06797280384458781
11:36:41,12.6,2439299072,7541563620,5995596,0.06799364035659147
11:36:42,25.6,2436653056,7541563620,5995596,0.06801386771004331
11:36:43,14.1,2438053888,7541563620,5995596,0.06805600307818602
11:36:44,18.4,2437095424,7541563620,5995596,0.0680978330342375
11:36:45,23.1,2436337664,7541563620,5995596,0.068139545825523
11:36:46,14.6,2429808640,7541563620,5995596,0.0681816643860408
11:36:47,11.2,2428788736,7541563620,5995596,0.06820249811896978
11:36:48,12.1,2424266752,7541563620,5995596,0.06822267724135925
11:36:49,11.9,2427232256,7541563620,5995596,0.06824351019296854
11:36:50,11.3,2428604416,7541563620,5995596,0.0682643428515346
11:36:51,14.1,2425937920,7541563620,5995596,0.06828399642318879
11:36:52,17.2,2432286720,7541563620,5995596,0.0683047699160219
11:36:53,14.4,2433470464,7541563620,5995596,0.06832465484834127
11:36:54,15.5,2437390336,7541563620,5995596,0.06834548568423672
11:36:55,21.4,2438598656,7541563620,5995596,0.06836551490415642
11:36:56,13.7,2440790016,7541563620,5995596,0.06838549965287806
11:36:57,9.9,2440093696,7541563620,5995596,0.06840541074012896
11:36:58,10.6,2437857280,7541563620,5995596,0.06842500022774593
11:36:59,7.7,2427940864,7541563620,5995596,0.06844582846701854
11:37:00,11.5,2442727424,7541563620,5995596,0.06846623331355314
11:37:01,11.9,2451038208,7541563620,5995596,0.0684870608412391
11:37:02,10.3,2447556608,7541563620,5995596,0.06850676403079523
11:37:03,13.2,2447642624,7541563620,5995596,0.06852757603676325
11:37:04,11.5,2456842240,7541563620,5995596,0.06855872484606644
11:37:05,11.3,2453659648,7541563620,5995596,0.06857864160922264
11:37:06,12.4,2455494656,7541563620,5995596,0.06859946365658469
11:37:07,12.4,2455613440,7541563620,5995596,0.06863977618575773
11:37:08,12.2,2461609984,7541563620,5995596,0.06865988024570778
11:37:09,8.6,2461511680,7541563620,5995596,0.0686806712534377
11:37:10,9.0,2457378816,7541563620,5995596,0.06870077409795484
11:37:11,9.6,2438025216,7541563620,5995596,0.06872156428259539
11:37:12,10.1,2437365760,7541563620,5995596,0.06878494400039623
11:37:13,9.5,2436329472,7541563620,5995596,0.06880574790010661
11:37:14,14.8,2428243968,7541563620,5995596,0.06882652217570415
11:37:15,8.8,2427068416,7541563620,5995596,0.06884577093497488
11:37:16,13.1,2421284864,7541563620,5995596,0.06886550261672401
11:37:17,12.7,2422878208,7541563620,5995596,0.0688660614197322
11:37:18,9.0,2431844352,7541563620,5995596,0.06888065266494402
11:37:19,7.4,2424455168,7541563620,5995596,0.06888994634152287
11:37:20,10.9,2423164928,7541563620,5995596,0.06891050144843508
11:37:21,10.1,2426781696,7541563620,5995596,0.06893014633233559
11:37:22,9.6,2429399040,7541563620,5995596,0.06895080304854512
11:37:23,9.3,2433744896,7541563620,5995596,0.06897157684511342
11:37:24,8.7,2428493824,7541563620,5995596,0.06899233564547774
11:37:25,9.0,2424688640,7541563620,5995596,0.06903266199619447
11:37:26,16.5,2421538816,7541563620,5995596,0.06904313168492857
11:37:27,7.9,2427510784,7541563620,5995596,0.06906385645231738
11:37:28,12.5,2427994112,7541563620,5995596,0.06908461029102105
11:37:29,10.1,2429353984,7541563620,5995596,0.06910536381170033
11:37:30,9.1,2430029824,7541563620,5995596,0.06912611701436257
11:37:31,11.7,2434990080,7541563620,5995596,0.06914589864422217
11:37:32,12.1,2410893312,7541563620,5995596,0.06916520838918645
11:37:33,10.5,2409373696,7541563620,5995596,0.0691859452082854
11:37:34,10.0,2393608192,7541563620,5995596,0.06917283845116441
11:37:35,6.3,2395574272,7541563620,5995596,0.06919357946118451
11:37:36,10.5,2383065088,7541563620,5995596,0.06921427598682058
11:37:37,10.8,2386259968,7541563620,5995596,0.06923408858932353
11:37:38,10.6,2386903040,7541563620,5995596,0.06925463686753365
11:37:39,9.3,2399191040,7541563620,5995596,0.06927537626744082
